0.6074344962835312,0.13677604605936722,0.024970368003778276,0.09708581032464281,-249780.6086578369,0.45991281419992447,-0.17793985083699226,0.00436341151362285,0.0627193208783865,-45688.11962890625,0
0.5662792371585965,0.06948550567358325,0.0002236386596905504,0.01230561180273071,-2716.4755306243896,0.6400644034147263,0.11777231004089117,0.00014682909932162147,0.010572225204668939,-1859.189224243164,0
0.5696431957185268,0.0665208517893916,4.365684463891739e-05,0.005762516215327196,-525.7594127655029,0.4306924603879452,0.0003386324460734613,2.9513934578062617e-05,0.004760095558594912,-334.56279373168945,1
0.5837287651374936,0.0837900472106412,1.5366569869001978e-05,0.0034828412462957203,-172.71223521232605,0.4558042101562023,-0.025449699722230434,5.894339301448781e-05,0.004742233781144023,-555.5352630615234,2
0.6214342638850212,0.12226651687524281,6.982573253822011e-06,0.0023527705925516784,-74.1818675994873,0.5439392328262329,0.045123579911887646,0.00017174026470456738,0.006786247948184609,-2015.7564697265625,3
0.655202055349946,0.1590915034757927,4.03017112660109e-06,0.0017217911190527957,-38.13426500558853,0.43223799765110016,-0.17807269282639027,3.129994502160116e-05,0.0027515526162460446,-288.2527275085449,4
0.6773618441075087,0.18984979297965765,2.6255030221022935e-06,0.0013270357630972285,-21.078531205654144,0.5490858405828476,0.016211748938076198,5.919375894336554e-06,0.0017685362545307726,-59.53185796737671,5
0.7140789721161127,0.23291678866371512,1.9599692784311173e-06,0.0010610921799525386,-12.403596460819244,0.6526550725102425,0.2102826964110136,3.4814666776128433e-06,0.0015026473120087758,-32.44648575782776,0
0.7352398186922073,0.26766694337129593,1.587141696290928e-06,0.0008792613534751581,-7.889625206589699,0.4994364157319069,-0.042232043109834194,8.130676906148437e-05,0.003869868058245629,-911.5285415649414,1
0.7587012648582458,0.297353592235595,1.3895530983631943e-06,0.0007444808125001146,-5.027879372239113,0.41521406546235085,-0.10305383428931236,2.3220526941258868e-06,0.0009619986085454002,-13.908867716789246,2
0.7721145302057266,0.3275704556144774,1.2611400244111337e-06,0.0006444973387260688,-3.4398379549384117,0.3880537077784538,-0.12401702348142862,0.0064752656617201865,0.01245392207056284,-61882.27734375,3
0.7968374490737915,0.3598213572986424,1.2044617569983984e-06,0.0005719355467590503,-2.266805797815323,0.5690423920750618,0.010320973116904497,1.5141067848389866e-06,0.0007100471630110405,-6.891944408416748,4
0.7906462922692299,0.3602649071253836,1.1906432675345968e-06,0.0005289715663820971,-2.0307997688651085,0.6383733972907066,0.06217113230377436,1.4580216287640724e-06,0.0006064543194952421,-6.724246382713318,5
0.8103150017559528,0.38913077721372247,1.1591732906879315e-06,0.0004803046149390866,-1.2374640218913555,0.5817379876971245,0.03647885750979185,3.032285860626871e-06,0.0007459488188032992,-20.31120800971985,6
0.8082249462604523,0.3979204283095896,1.1465438056745825e-06,0.00045076845526637044,-1.01816551014781,0.4486701674759388,-0.13090801052749157,2.338082879305148e-06,0.0006664991014986299,-20.712894201278687,7
0.7368611805140972,0.3090741040650755,1.5416644938426316e-06,0.0005382898261814262,-6.855691988021135,0.7743976563215256,0.33469202369451523,2.0851981190617153e-06,0.0008625431437394582,-17.29902458190918,0
0.829363165423274,0.4317036662250757,1.1481054382755929e-06,0.0004033802488265792,-0.5763113684952259,0.3815356194972992,-0.20447148941457272,1.16788574189286e-06,0.0003998760294052772,-0.511713445186615,1
0.8333735689520836,0.44868406280875206,1.1347824582230714e-06,0.00038002275778126204,-0.41490738838911057,0.4792596250772476,-0.06864508055150509,1.1842873917089491e-06,0.00044905543472850695,-1.2828789949417114,2
0.8266702480614185,0.4417368220165372,1.1401700348301347e-06,0.00036857313989457907,-0.31797872856259346,0.492948766797781,-0.053433370776474476,1.2025063682585824e-06,0.00046117876627249643,-1.5061797797679901,3
0.8217685464769602,0.43697017058730125,1.1334950418273593e-06,0.00036298090981290443,-0.2803399860858917,0.5463236793875694,0.010209792060777545,1.1456452355673719e-06,0.00041193423749064095,-0.7863370925188065,4
0.7134063141420484,0.286139082047157,1.428012549098412e-06,0.00046930519874877064,-4.448186554014683,0.7751733586192131,0.35723918303847313,1.2387617260856132e-06,0.0005718566608265974,-4.2632099986076355,0
0.8434060793370008,0.4913961589336395,1.1387110969707237e-06,0.0003347103247506311,-0.09891717880964279,0.6586671471595764,0.231659397482872,1.0949759854383956e-06,0.00040863339017960243,-0.9500222504138947,1
0.8434088062494993,0.5086528342217207,1.1366226413400682e-06,0.00032878960428206483,-0.06125355884432793,0.3044518902897835,-0.18329346925020218,1.8633008807000806e-06,0.0006551067781401798,-8.662922143936157,2
0.8246538750827312,0.4714988274499774,1.146122915685055e-06,0.0003334966422698926,-0.13397060334682465,0.7101607024669647,0.36615924164652824,1.0738642544083632e-06,0.0003846712497761473,-0.4406818300485611,3
0.8147553615272045,0.4689982943236828,1.1565482367359436e-06,0.00033358828022755915,-0.15628184750676155,0.3923914507031441,-0.07959504891186953,1.1269597095520112e-06,0.0003835883217107039,-0.4093739837408066,4
0.7312608137726784,0.3439450622536242,2.076890954327837e-06,0.00045942516590002924,-11.33977685496211,0.8159425482153893,0.40561624616384506,1.0796335061513673e-06,0.00035462005325825885,-0.9385374337434769,0
0.8199089672416449,0.4709798190742731,1.156819198655512e-06,0.0003193840557287331,-0.1083895917981863,0.8624931126832962,0.4997740089893341,1.0306963105222167e-06,0.0003446428199822549,-0.4131445437669754,0
0.8377109579741955,0.5119723528623581,1.1779903168473993e-06,0.000311318533931626,-0.01203448511660099,0.8299353793263435,0.4814322628080845,1.0673150470097426e-06,0.000318412570777582,0.025200150907039642,1
0.8074102848768234,0.46036133263260126,1.1633235601493652e-06,0.0003211954326616251,-0.1327238492667675,0.7709143459796906,0.460626058280468,1.0705947275368999e-06,0.0003835466741293203,-0.52287158370018,2
0.8154606334865093,0.48543802835047245,1.160827986623758e-06,0.0003151403143419884,-0.04466673173010349,0.6365301236510277,0.12236935365945101,1.1306635343544258e-06,0.0003105550458712969,-0.10718594491481781,3
0.8417391125112772,0.5177783872932196,1.1498115632946337e-06,0.0003080395408687764,-0.031979210674762726,0.2434594538062811,-0.2697325311601162,1.1790308533932148e-06,0.00034901614344562404,-0.3374197632074356,4
0.7315740948542953,0.3635330479592085,1.3159678555751952e-06,0.00037600585346808657,-1.658468158915639,0.7538343444466591,0.407120268791914,1.0784105910488506e-06,0.0003403006194275804,-0.11568115651607513,5
0.8323596343398094,0.5050154197961092,1.1659969452182395e-06,0.00030269544822658645,0.0168249923735857,0.5852654650807381,0.29672929644584656,1.0956662634953318e-06,0.0003716390383488033,-0.3341185003519058,6
0.8205881882458925,0.4957277597859502,1.2035187406667092e-06,0.00030861355298839044,0.0005066730082035065,0.8389887511730194,0.5184706822037697,1.0213055006147442e-06,0.0003372765895619523,-0.11562386155128479,7
0.81733288615942,0.47985418420284986,1.1811407283346398e-06,0.00031031324397190474,-0.022591624408960342,0.7634129077196121,0.42512979730963707,1.3226365638274729e-06,0.0004559083899948746,-4.626630008220673,8
0.8003863915801048,0.4722491167485714,1.1796734984415025e-06,0.0003096492064287304,-0.05288763530552387,0.8556426912546158,0.47530659288167953,1.049715301348897e-06,0.00030037022588658147,0.03167102485895157,9
0.7996934251859784,0.4451407780870795,1.205921760671913e-06,0.0003178992819812265,-0.11958987452089787,0.8665517792105675,0.5267736315727234,1.024391579562689e-06,0.0003318083217891399,-0.4306919425725937,0
0.8554420843720436,0.5262131271883845,1.1719570096602183e-06,0.0003001172926815343,0.04436629079282284,0.871199294924736,0.5353343114256859,1.0404002566133386e-06,0.00037747998067061417,-1.3567675948143005,0
0.8374993149191141,0.4964547185227275,1.17650709263728e-06,0.00030469399735011393,0.026329470798373222,0.3091641366481781,-0.20947780087590218,1.183911194857501e-06,0.0003635099892562721,-0.6910547316074371,1
0.7765628891065717,0.4087722939439118,1.2023098161506596e-06,0.00031967749373507104,-0.28280385583639145,0.8013733848929405,0.4330998882651329,1.1174866330065925e-06,0.00029346927112783305,0.012714721262454987,2
0.7918493784964085,0.4491071963275317,1.208736648550257e-06,0.0003072582248933031,-0.0530896931886673,0.5020432248711586,0.1292286179959774,1.1374073025649523e-06,0.00030753232567803934,-0.08140507340431213,3
0.8444402106106281,0.5071615409106016,1.191974629222159e-06,0.00030055391198402504,0.04300026595592499,0.8194665089249611,0.4939795807003975,1.0795160818588556e-06,0.000315248456900008,-0.00808878242969513,4
0.8040987253189087,0.43310666247271,1.1950990099762748e-06,0.0003124329532511183,-0.1779880691319704,0.4655109867453575,-0.1108201527968049,1.178537672785751e-06,0.00029966490546939895,-0.13921648263931274,5
0.843897694721818,0.5044427611865103,1.1967752744368454e-06,0.00029549861756095197,0.07582079619169235,0.8701720535755157,0.5318416431546211,1.0246829162952054e-06,0.00031116820173338056,-0.14716221392154694,6
0.8689285945147276,0.5405904809013009,1.1645466049259312e-06,0.0002933471123469644,0.08269074372947216,0.8020369112491608,0.4272945187985897,1.054686464385668e-06,0.0003023070421477314,-0.03074747323989868,7
0.868181636556983,0.538792627863586,1.1840302587273754e-06,0.00029492466273950413,0.08284832909703255,0.77127555757761,0.2906041890382767,1.0624371640233221e-06,0.00037853781395824626,-0.6521595418453217,8
0.872051302343607,0.5516067603603005,1.1876363981144777e-06,0.00029342422294575954,0.1016889363527298,0.8725892379879951,0.5276717618107796,1.0576000093465154e-06,0.00028807924172724597,0.08350098878145218,0
0.861513040959835,0.5305460821837187,1.1917519913140495e-06,0.00029583867399196606,0.06969115324318409,0.8497357293963432,0.5070105046033859,1.0455834100753236e-06,0.0002919197031587828,0.01721888780593872,1
0.8760559596121311,0.5610062777996063,1.1771387153913793e-06,0.0002897342246797052,0.11261383444070816,0.8672530874609947,0.5076931640505791,1.029964217025281e-06,0.000297656690236181,-0.008208535611629486,2
0.8620142694562674,0.5428320067003369,1.1654790004200777e-06,0.0002910614248321508,0.09130638279020786,0.8710670247673988,0.5563692525029182,1.0427299343973573e-06,0.0002957180804514792,0.052902765572071075,3
0.8782212380319834,0.5713816694915295,1.1625227571698815e-06,0.0002880364590964746,0.1155488882213831,0.8736642897129059,0.5105081051588058,1.0465832360750937e-06,0.000286951912130462,0.05651184916496277,0
0.8724934365600348,0.5600526481866837,1.1757228719488921e-06,0.0002900439503719099,0.10551409423351288,0.8456110581755638,0.4566960334777832,1.076639492225695e-06,0.00027617282830760814,0.07840477675199509,1
0.8778152279555798,0.5669388016685843,1.163556767380669e-06,0.0002870028092729626,0.11301685124635696,0.8775978684425354,0.5459320098161697,1.0453811327693074e-06,0.0002778822963591665,0.04541367292404175,0
0.8810335826128721,0.5778483506292105,1.1550028862217232e-06,0.00028475793260440696,0.12499037012457848,0.8297412768006325,0.3610618859529495,1.1224175864299468e-06,0.00027687810143106617,0.05373247712850571,1
0.8824726045131683,0.5822694972157478,1.1546460516598245e-06,0.0002836945732269669,0.12914798595011234,0.8827793598175049,0.5898372158408165,1.0466273039355656e-06,0.0002784355965559371,0.08442619442939758,0
0.8829865623265505,0.580364540219307,1.1680928384549816e-06,0.0002848664444172755,0.12509263679385185,0.8830648586153984,0.569039523601532,1.0369659406705978e-06,0.0002891395488404669,0.043305061757564545,0
0.8854566812515259,0.5900665260851383,1.1630820093699867e-06,0.000283623936411459,0.13135571032762527,0.8805301040410995,0.5689781233668327,1.0406356096837044e-06,0.0002806968077493366,-0.0023052841424942017,1
0.8816870748996735,0.5785906482487917,1.159243455006731e-06,0.000283956460407353,0.12906770780682564,0.7668448463082314,0.31618260964751244,1.1417931702339956e-06,0.0002836812491295859,0.008497156202793121,2
0.889001727104187,0.600857075303793,1.1637388013241434e-06,0.00028193780508445343,0.13821576163172722,0.8883592709898949,0.5881542265415192,1.0942762855847832e-06,0.00027077544655185193,0.11899500340223312,0
0.8896496240049601,0.6011861898005009,1.1498267529219675e-06,0.00028084284895157907,0.13487392477691174,0.8670288398861885,0.5228239446878433,1.1297802657850298e-06,0.00028015692441840656,0.035166844725608826,1
0.889823580160737,0.6012114770710468,1.162160986112326e-06,0.00028223509434610605,0.13522665947675705,0.516662023961544,0.051150478422641754,1.1818005205554982e-06,0.0002902531159634236,-0.14094726741313934,2
0.8883248027414083,0.5941478684544563,1.215114719954613e-06,0.0002859011983673554,0.12704329565167427,0.8856153190135956,0.5684966444969177,1.0637313678785176e-06,0.0002773680789687205,0.12961921095848083,3
0.8891057576984167,0.5947724469006062,1.1661064913681685e-06,0.0002831142846844159,0.13592156022787094,0.8865078911185265,0.5886424407362938,1.0371797785069248e-06,0.00028279260004637763,0.1056772768497467,4
0.8889226708561182,0.5928664486855268,1.157292512488084e-06,0.00028246312376722926,0.14032459631562233,0.8886873796582222,0.5769241079688072,9.942531136175603e-07,0.0002988819687743671,-0.32906460762023926,0
0.8897106256335974,0.5942053869366646,1.2001356921587103e-06,0.0002850757973646978,0.14173897542059422,0.8871610909700394,0.5686390772461891,1.0265853589430662e-06,0.0002793941785057541,0.07055550813674927,1
0.8896348495036364,0.5941004045307636,1.1645502482338088e-06,0.00028295870833972003,0.14335947297513485,0.8871572911739349,0.5843940302729607,1.0784542752162452e-06,0.00027055743521486875,0.14240185916423798,2
0.8894402980804443,0.5946434326469898,1.175210892156997e-06,0.0002834510605680407,0.14029902406036854,0.8904147446155548,0.5821531191468239,1.036332577086796e-06,0.00026985309887095354,0.09711795300245285,0
0.8897542171180248,0.5959019456058741,1.166795195572945e-06,0.0002827077869369532,0.14363753609359264,0.8852515444159508,0.5614510923624039,1.0576026099329283e-06,0.00027687989495461807,0.13751526921987534,1
0.8896660637110472,0.5953066740185022,1.1923033724769994e-06,0.0002844196092155471,0.14124820940196514,0.8859234601259232,0.5563102960586548,1.1329172124874276e-06,0.00027608761956798844,0.04175496846437454,2
0.8896901719272137,0.5957920253276825,1.1629635832122176e-06,0.0002826645727509458,0.1446060873568058,0.8794364407658577,0.5297083929181099,1.0244991486274557e-06,0.00029894573526689783,-0.004737436771392822,3
0.8896372728049755,0.5951468423008919,1.1637725663149467e-06,0.00028224868219695054,0.1382266078144312,0.884614497423172,0.5609275624155998,1.0425678951264672e-06,0.00029949639065307565,0.08245999366044998,4
0.8894379995763302,0.5948454048484564,1.169289575386756e-06,0.0002825442729772476,0.14420523308217525,0.8876979574561119,0.568516843020916,1.0480421579472932e-06,0.00027514945759321563,0.1397043764591217,5
0.8895186930894852,0.5945336949080229,1.1567228028752652e-06,0.0002823014679051994,0.14241721667349339,0.880718469619751,0.5386166721582413,9.962112201833406e-07,0.00032758008092059754,-0.49058882892131805,6
0.8897378258407116,0.5961747579276562,1.1612617178968776e-06,0.0002820989648171235,0.1426883265376091,0.8862773925065994,0.573720209300518,1.0750803198789072e-06,0.0002820198606059421,0.13296250998973846,7
0.8901871964335442,0.5961752347648144,1.1561334805065826e-06,0.0002822624492182513,0.14393357746303082,0.8857085332274437,0.5527416840195656,1.0298723154278377e-06,0.00027381385734770447,0.08220590651035309,8
0.890116922557354,0.5957937315106392,1.1458308861733713e-06,0.00028111138999520335,0.14077623561024666,0.8812205642461777,0.5388618186116219,1.0519963282717981e-06,0.0002748771876213141,0.10098344087600708,9
0.8896972574293613,0.5949635449796915,1.1517906557401147e-06,0.00028129044085289934,0.14578554034233093,0.8841832280158997,0.5639725625514984,9.981178621387699e-07,0.00033384219932486303,-0.27549421787261963,10
0.8898986652493477,0.5952397119253874,1.1693212371710615e-06,0.0002831400020113506,0.14653749763965607,0.8825759142637253,0.5590607672929764,9.742506676957419e-07,0.0003139075379294809,-0.2374120056629181,11
0.8899298515170813,0.5948937889188528,1.1582376515661963e-06,0.00028123296669946285,0.14564194343984127,0.890943706035614,0.5822744145989418,1.0117629614114776e-06,0.00028814418328693137,-0.16015376150608063,0
0.8900518212467432,0.5972897708415985,1.1635863685910408e-06,0.00028160381043562666,0.14636003226041794,0.8875856995582581,0.5725269764661789,1.0642731282928253e-06,0.0002792007217067294,0.1478898525238037,1
0.8906405605375767,0.597133444622159,1.154983420903477e-06,0.00028146918975835433,0.14613285288214684,0.8834800869226456,0.5526863038539886,1.0146579683123491e-06,0.00029466172054526396,0.05463987588882446,2
0.8903616536408663,0.596786068752408,1.1541039732776426e-06,0.0002813382125168573,0.14533915184438229,0.8839976936578751,0.554986909031868,9.951659052376272e-07,0.00034646689164219424,-0.30823972821235657,3
0.8905717097222805,0.5970222558826208,1.1504707071452458e-06,0.0002812530965456972,0.14617983251810074,0.8865910992026329,0.5705883577466011,1.0812128721227054e-06,0.00027705275351763703,0.1363586187362671,4
0.8900626711547375,0.5963747967034578,1.1480784642969866e-06,0.00028083444203730323,0.14421870186924934,0.8795416802167892,0.5462631061673164,1.1522399745445e-06,0.0002820522349793464,-0.03791877627372742,5
0.8896547593176365,0.5961069203913212,1.1611020145352313e-06,0.0002825077353918459,0.1429351009428501,0.8793855607509613,0.5537951067090034,1.0726010089001647e-06,0.0002986193685501348,0.08054755628108978,6
0.8901014532893896,0.597331328317523,1.1394091625760439e-06,0.00027955524183198577,0.14682762138545513,0.885736733675003,0.5560135170817375,1.0650091866182265e-06,0.00027339781445334665,0.13641346246004105,7
0.8901228122413158,0.5966513957828283,1.1394180461365977e-06,0.00027945758438363555,0.14820374362170696,0.8830911666154861,0.5632038712501526,1.0601644930829934e-06,0.0002830689227266703,0.1170860156416893,8
0.8904622588306665,0.598318899050355,1.1576612131136699e-06,0.0002817353247337451,0.14499087817966938,0.8883377015590668,0.5854053646326065,1.0597592563499347e-06,0.0002683013353816932,0.11222507059574127,9
0.8902325592935085,0.5975115783512592,1.1323166893006942e-06,0.00027862864089911454,0.14692721143364906,0.8891908898949623,0.5892138257622719,1.0539531416497994e-06,0.0002780972317850683,0.1466158926486969,10
0.8893406204879284,0.595145121216774,1.1409754971936081e-06,0.000280074897546001,0.14515503123402596,0.8839860782027245,0.5733556151390076,1.0426728351831116e-06,0.0002792074956232682,0.12356168031692505,11
0.8903404735028744,0.5959647595882416,1.1752905173523231e-06,0.00028227172060724115,0.14635933004319668,0.8855197727680206,0.5601980835199356,9.974531707257484e-07,0.00028068272877135314,-0.017861805856227875,12
0.8905371520668268,0.5970025658607483,1.1448501258115584e-06,0.00027983355585092795,0.14920170232653618,0.890343502163887,0.5756664946675301,1.0569288093620344e-06,0.00027714976749848574,0.09141599386930466,13
0.8902134448289871,0.5966010615229607,1.2412655845395193e-06,0.0002854628887689614,0.14318904094398022,0.8813914582133293,0.5770701766014099,1.11972991589937e-06,0.00027656517704599537,0.0727209597826004,14
0.8905426021665335,0.5968919023871422,1.1497916023728294e-06,0.0002806082352435624,0.14904109947383404,0.8778735026717186,0.5217925682663918,1.0483069416977742e-06,0.0002764899982139468,0.037180520594120026,15
0.8898924849927425,0.5959757585078478,1.1408062636775185e-06,0.0002802647213684395,0.1464418489485979,0.8431757092475891,0.539797767996788,1.0470374576243557e-06,0.0004296833649277687,-0.8123298138380051,16
0.8900106512010098,0.5944078043103218,1.1469429459509684e-06,0.00028070919415768003,0.14848623797297478,0.8707958683371544,0.5612996965646744,1.1209864894112798e-06,0.00027833329659188166,0.06143363565206528,17
0.8899033945053816,0.5962867252528667,1.1465748439576373e-06,0.0002808054291563167,0.14532131515443325,0.8853126540780067,0.5608091801404953,1.0455518761887106e-06,0.00026950607025355566,0.09241952747106552,18
0.8902471419423819,0.5974487438797951,1.1347716029064259e-06,0.0002790461835502356,0.14559958688914776,0.8880206122994423,0.5664463639259338,1.0055931980446076e-06,0.0002907312991737854,-0.050015389919281006,19
0.890720009803772,0.5981948133558035,1.1651484488339747e-06,0.0002816819605868659,0.1479548867791891,0.8861087113618851,0.5624582543969154,1.0310826539239315e-06,0.0002794697429635562,0.06831958144903183,20
0.8900889232754707,0.5979470498859882,1.160654354848134e-06,0.00028254067638044944,0.14619874954223633,0.8837196305394173,0.5505737289786339,1.0321738201923836e-06,0.00027168693122803234,0.025477953255176544,21
0.8900095839053392,0.598030211403966,1.1494900320485613e-06,0.00028069764130123076,0.14283310435712337,0.8889933824539185,0.5852937027812004,1.0299788684164923e-06,0.00027041589601140004,0.14533980935811996,22
0.8904958795756102,0.5988598987460136,1.1500372263384406e-06,0.00028154201982033555,0.14698020182549953,0.8847055956721306,0.5625809580087662,1.0593375705525432e-06,0.00028635123453568667,0.13108929246664047,23
0.8902658857405186,0.5980066079646349,1.1619844624277675e-06,0.0002804263785947114,0.14937276020646095,0.886695146560669,0.5633044093847275,9.994877459007512e-07,0.00031031421895022504,-0.24866262078285217,24
0.8904834669083357,0.597822105512023,1.1367858707700407e-06,0.0002794489823827462,0.14812131226062775,0.8863670602440834,0.561455212533474,9.95171205886436e-07,0.0003202151201548986,-0.40095336735248566,25
0.8904629368335009,0.5985569600015879,1.1642506407838482e-06,0.00028184737220726674,0.146190682426095,0.8896447047591209,0.5872505679726601,1.0091590212368828e-06,0.0002690857454581419,0.09560053050518036,26
0.8893984090536833,0.5950613003224134,1.1521732989905331e-06,0.0002817209478962468,0.14440780878067017,0.8881208747625351,0.5903162211179733,1.0999979735970555e-06,0.000272680634225253,0.11781712621450424,27
0.8900763746351004,0.5982340052723885,1.1337688299306592e-06,0.00027924459254791145,0.1467487569898367,0.8912390694022179,0.5843795165419579,1.0038856075311742e-06,0.0002902823871409055,-0.11765006184577942,0
0.889543991535902,0.5967709589749575,1.1386689351411405e-06,0.00027980077402389725,0.14841222390532494,0.884990744292736,0.5644014105200768,1.051065865453893e-06,0.00029942842229502276,0.0866503119468689,1
0.8893778417259455,0.5981577392667532,1.1796372785255471e-06,0.0002821027746904292,0.14573095366358757,0.8879261091351509,0.5729967132210732,1.0688401417269233e-06,0.0002741081661952194,0.15308088064193726,2
0.8895560260862112,0.5968002211302519,1.1454627824036834e-06,0.0002804025766636187,0.1452125795185566,0.89078189432621,0.5921091511845589,1.0166111721332527e-06,0.0002791399383568205,0.1144842728972435,3
0.8901920057833195,0.5979174394160509,1.168311770882724e-06,0.00028142647624918027,0.150604335591197,0.8810253068804741,0.540531113743782,1.1188829418529167e-06,0.0002755154673650395,0.04889655113220215,4
0.8899243883788586,0.598124897107482,1.1583635668444003e-06,0.00028235713762114756,0.14433817006647587,0.8817181065678596,0.5551760047674179,1.051293772036388e-06,0.00028770285643986426,0.12815041840076447,5
0.8901685494929552,0.598038736730814,1.1399312924709193e-06,0.00028024796756653814,0.14887440763413906,0.8866114690899849,0.5876633897423744,1.102217908055536e-06,0.000269876314632711,0.08438178151845932,6
0.8897927720099688,0.5988241359591484,1.1466077847188672e-06,0.0002804992236633552,0.14368083514273167,0.8712217509746552,0.5381264165043831,1.1644986273040558e-06,0.0002855484090105165,-0.0712616890668869,7
0.8898246195167303,0.5994904208928347,1.1543468243502275e-06,0.00028085214762541,0.1468892488628626,0.8808371350169182,0.557246021926403,1.0752866970165087e-06,0.0002789094505715184,0.13324573636054993,8
0.8898556306958199,0.5996297597885132,1.1873275802543048e-06,0.00028226724589330843,0.1443565282970667,0.8825280666351318,0.544770710170269,1.152566355244744e-06,0.00028224258858244866,-0.0283564031124115,9
0.8898076303303242,0.5989387147128582,1.1884248145577203e-06,0.00028430658858269453,0.14447047002613544,0.8829984590411186,0.5660131722688675,1.0659212392738482e-06,0.0002688787026272621,0.13564615696668625,10
0.8900574669241905,0.5983300358057022,1.1689327923392057e-06,0.0002830568128047162,0.14228875190019608,0.8854376971721649,0.5912410840392113,1.0975445405847495e-06,0.00027337195206200704,0.09473966062068939,11
0.88997364602983,0.5995416324585676,1.1625773232992742e-06,0.0002823808213179291,0.14230220392346382,0.8823809921741486,0.5692311450839043,1.0809821731072589e-06,0.0002748108672676608,0.13516832888126373,12
0.8904149569571018,0.6001162696629763,1.1846246632529756e-06,0.00028276839384488994,0.14907139725983143,0.884650856256485,0.5521929860115051,1.0233784877300423e-06,0.0002821917223627679,0.03347877413034439,13
0.8901259880512953,0.5986806079745293,1.151638944207889e-06,0.0002818473876686767,0.14159026369452477,0.8898825943470001,0.58620385825634,1.0005705846083401e-06,0.00028632706744247116,-0.06253205239772797,14
0.8846978824585676,0.5842013470828533,1.16494423174629e-06,0.00028334173703115084,0.13729877024888992,0.8810519874095917,0.5500224158167839,9.931267683782607e-07,0.0003363920986885205,-0.41278690099716187,15
0.8889473751187325,0.5894010234624147,1.1631351046759164e-06,0.00028295672109379666,0.14618809148669243,0.8841819539666176,0.5395985469222069,1.0934968273090817e-06,0.00026934349989460316,0.07968200743198395,16
0.8905896432697773,0.5989989712834358,1.1778268014239757e-06,0.0002842437511390017,0.14211774244904518,0.8782828599214554,0.5735795274376869,1.1285844578878823e-06,0.00027805319768958725,0.031539902091026306,17
0.8907827101647854,0.598011152818799,1.1484823350116358e-06,0.00028075093587176525,0.14856334030628204,0.8800626397132874,0.5504032447934151,1.0106411565402595e-06,0.0002806714292091783,0.05766577273607254,18
0.8912315592169762,0.5983656533062458,1.1453952240003673e-06,0.000280102471151622,0.14674536511301994,0.8883341252803802,0.5738966912031174,1.1130506152312591e-06,0.0002722326244111173,0.08450379222631454,19
0.8910952806472778,0.5985258743166924,1.1601638352232158e-06,0.00028213392124598613,0.14365757070481777,0.8904461413621902,0.5994371548295021,1.0476436926865063e-06,0.0002713070898607839,0.14895961433649063,20
0.8913951572030783,0.597240187227726,1.156457534179367e-06,0.000282035066447861,0.1461347546428442,0.8872297927737236,0.5670546367764473,1.000305836384996e-06,0.00029489978624042124,-0.12166248261928558,21
0.8905725535005331,0.5981510244309902,1.1512639588318052e-06,0.0002812734592225752,0.14740661345422268,0.8879089131951332,0.5704907774925232,1.0388195192945204e-06,0.00028939934782101773,0.1195797473192215,22
0.8903721980750561,0.5954829398542643,1.153755212257579e-06,0.00028188503347337246,0.14277655817568302,0.8766574859619141,0.5100376829504967,1.153980242918351e-06,0.00028187793941469863,-0.038382112979888916,23
0.8908924479037523,0.5982416719198227,1.1882018533526661e-06,0.00028356416305541643,0.14622451923787594,0.8823787271976471,0.5390940830111504,1.006882691001465e-06,0.00029781532794004306,-0.2644703984260559,24
0.8907394148409367,0.5945044197142124,1.157657472106166e-06,0.00028245845714991447,0.13947363942861557,0.8873474150896072,0.5591739937663078,1.0849250955402567e-06,0.00026856308431888465,0.13723140209913254,25
0.8910186756402254,0.597998159006238,1.1725234987380873e-06,0.0002836507787833398,0.14651702716946602,0.8912888243794441,0.590567409992218,1.0903177241061712e-06,0.0002664019775693305,0.10810190439224243,0
0.8913586474955082,0.5993789248168468,1.1515346916013414e-06,0.000281025085314468,0.14460488595068455,0.8894753456115723,0.5908425152301788,1.1149978931257465e-06,0.00027234450863034,0.0739160105586052,1
0.8908225353807211,0.5963523853570223,1.1551842167278892e-06,0.00028143455574536347,0.14716436341404915,0.8857781440019608,0.5705144628882408,1.1284111920417672e-06,0.00027726180633180775,0.04443900287151337,2
0.889845622703433,0.5941254701465368,1.1410419791246795e-06,0.00027979243714071345,0.14391870610415936,0.8822925835847855,0.5552728697657585,1.0091757118857458e-06,0.00029395118326647207,0.06798180192708969,3
0.891278114169836,0.597363818436861,1.1457298878525535e-06,0.0002805535432344186,0.14760133437812328,0.8830197751522064,0.5668670311570168,1.133714491174942e-06,0.00027777971263276413,0.03598771244287491,4
0.890784939751029,0.5952420197427273,1.145957325476843e-06,0.00028054796257492853,0.1421054881066084,0.8856541067361832,0.5631709843873978,1.0852317018361646e-06,0.0002760014285740908,0.13350936770439148,5
0.8909627813845873,0.5977274365723133,1.1509457458203087e-06,0.0002808370572893182,0.150601115077734,0.8826761394739151,0.537567988038063,1.0175294846703764e-06,0.0002805021395033691,-0.042409613728523254,6
0.8866932447999716,0.5763183161616325,1.1483440029991243e-06,0.00028238033928573714,0.1412445567548275,0.8878233730792999,0.5629111230373383,1.1149799377108138e-06,0.0002728562176343985,0.08437076210975647,7
0.8904058318585157,0.591714009642601,1.1620022597469415e-06,0.00028247300815564813,0.14608008041977882,0.889921098947525,0.586045116186142,1.0667307819289817e-06,0.00027243759541306645,0.13795533776283264,8
0.8914897702634335,0.5978729948401451,1.1443370482311366e-06,0.00028072974828319275,0.14608028903603554,0.8808297663927078,0.5548605397343636,1.0039627511559956e-06,0.00038358418896677904,-0.9791471362113953,9
0.8914168812334538,0.597907667979598,1.1511398749775026e-06,0.0002809292427627952,0.14189353585243225,0.8846800699830055,0.5651841759681702,1.0056357311327702e-06,0.0003095414394920226,-0.15886570513248444,10
0.8909413740038872,0.5947707984596491,1.1495779403958295e-06,0.0002806749125738861,0.14345203898847103,0.8895100206136703,0.5790900886058807,1.0501005078822345e-06,0.00026872990565607324,0.12222418934106827,11
0.8906721044331789,0.5954193864017725,1.157289503339598e-06,0.0002820727272592194,0.1456860676407814,0.8806542828679085,0.5897650644183159,1.0891722865835618e-06,0.0002753751141426619,0.10728413611650467,12
0.8907807692885399,0.596958726644516,1.1632636045533218e-06,0.00028266236677154666,0.14522596634924412,0.8924185484647751,0.5968118831515312,1.0204518758882841e-06,0.00027350518212188035,0.10658509284257889,0
0.8911279421299696,0.5980499498546124,1.1680186968732187e-06,0.0002813645623973571,0.14819361083209515,0.8866939544677734,0.5670679584145546,1.0205346541170002e-06,0.0002964468003483489,0.030045703053474426,1
0.8911345656961203,0.5963020697236061,1.1690260048879964e-06,0.0002824548828357365,0.1454329937696457,0.8917067870497704,0.5916671752929688,1.0250687125790137e-06,0.00027474199305288494,0.11228375136852264,2
0.8913131467998028,0.5973214842379093,1.1401644286479495e-06,0.00027988245983578963,0.14656924456357956,0.8832368478178978,0.5486056134104729,9.982254880469554e-07,0.00031473810304305516,-0.29897190630435944,3
0.8910947926342487,0.5962054245173931,1.1966326809442762e-06,0.0002841523146344116,0.1470858808606863,0.8876435533165932,0.5759125426411629,1.0257549760694928e-06,0.0003021316042577382,0.05044467747211456,4
0.8908834755420685,0.5972199868410826,1.14492068803429e-06,0.0002804743417073041,0.1441936492919922,0.8900930359959602,0.5926803797483444,1.1003625743910561e-06,0.00027102518470201176,0.11299457401037216,5
0.8911084998399019,0.5971905943006277,1.1575638563243729e-06,0.00028130436476203613,0.14549575187265873,0.8893074691295624,0.5885362178087234,1.1193907738515918e-06,0.00027499963107402436,0.06169474869966507,6
0.8910758718848228,0.5956042092293501,1.1609080843300035e-06,0.0002823866425387678,0.1469100657850504,0.8897139504551888,0.5804556533694267,9.907950087040263e-07,0.0003086493816226721,-0.2559976428747177,7
0.8910682946443558,0.5980958472937346,1.168450639355001e-06,0.0002811595395542099,0.14597774669528008,0.8936635628342628,0.5986718311905861,1.1118000173837572e-06,0.000270625396296964,0.09265891462564468,0
0.8912041485309601,0.5963212139904499,1.1484778905668236e-06,0.0002813366727423272,0.14380781538784504,0.8890176936984062,0.5763883665204048,1.0237580312377759e-06,0.00027540082373889163,0.10659977793693542,1
0.8905482422560453,0.595633327960968,1.1691363130950094e-06,0.00028197701522003626,0.146479656919837,0.886589877307415,0.5637552887201309,9.879801865508853e-07,0.0003184891575074289,-0.39836807548999786,2
0.890735449269414,0.5955938454717398,1.1507573862701292e-06,0.0002817462000166415,0.14380075223743916,0.8878096789121628,0.5712115317583084,1.0066244939821445e-06,0.00029499351876438595,-0.11634375154972076,3
0.8914516437798738,0.5968778561800718,1.1531674655174129e-06,0.00028079072308173636,0.14747551456093788,0.8883804976940155,0.5769797414541245,1.0987373997295435e-06,0.0002780195827654097,0.1119997501373291,4
0.8916913866996765,0.596751855686307,1.169234934650376e-06,0.0002824487846737611,0.14595286920666695,0.8781453296542168,0.5725494101643562,1.1538210387129766e-06,0.00028315032977843657,-0.040609925985336304,5
0.8912952672690153,0.5973818395286798,1.1463333979833124e-06,0.0002807559530992876,0.14678567089140415,0.8895300328731537,0.5835545733571053,1.0692568324088825e-06,0.0002715428527153563,0.14577924460172653,6
0.8914527725428343,0.5973337106406689,1.1539049342701446e-06,0.00028064217576684314,0.14659187011420727,0.887024499475956,0.5905366986989975,1.0990389682774548e-06,0.00027214749934501015,0.1157994493842125,7
0.8914422933012247,0.5962751004844904,1.1394625492044952e-06,0.0002798124296532478,0.1471459437161684,0.8836290612816811,0.5611469149589539,1.157855272992947e-06,0.0002832713653333485,-0.051991283893585205,8
0.8917225636541843,0.5963219124823809,1.1599391136485337e-06,0.0002812401735354797,0.14621826075017452,0.8847567364573479,0.5593813359737396,9.930819402370616e-07,0.0003160750748065766,-0.346946120262146,9
0.8912994544953108,0.5951057188212872,1.165334676755947e-06,0.00028144888892711606,0.1475713513791561,0.8870526254177094,0.574944831430912,1.0290048919614492e-06,0.0002849835691449698,0.10185200721025467,10
0.8913615085184574,0.5968569777905941,1.169660167832376e-06,0.00028246085457794834,0.1468867752701044,0.8867572471499443,0.5703992545604706,1.0469128852719223e-06,0.00027750582739827223,0.12460876256227493,11
0.8913940265774727,0.5974346082657576,1.1797860839379837e-06,0.00028245378143765265,0.14554540812969208,0.8856806457042694,0.5623050034046173,1.0124085818574713e-06,0.0002943493163911626,0.007699005305767059,12
0.8910799771547318,0.5952249094843864,1.1351237771961564e-06,0.0002791305400933197,0.14879309013485909,0.8694958761334419,0.5388148874044418,1.1640343799967923e-06,0.00028632920657400973,-0.07900410890579224,13
0.8906793296337128,0.5925259348005056,1.1513639766036476e-06,0.00028121751711296383,0.14243708923459053,0.8780146390199661,0.5787686184048653,1.135946298802537e-06,0.0002789823556668125,0.013008169829845428,14
0.8912143912166357,0.5977726131677628,1.1609841639170781e-06,0.0002813493670146272,0.14717780612409115,0.8834489658474922,0.5529299825429916,1.0418963327651909e-06,0.00027951941956416704,0.12037226557731628,15
0.8913527429103851,0.5978139881044626,1.1743676697761884e-06,0.00028266273329791147,0.14219164475798607,0.8910139948129654,0.5981506258249283,1.077462854937039e-06,0.0002671845923032379,0.14565037935972214,16
0.8914662785828114,0.5976431351155043,1.1512909026123452e-06,0.00028069237032468664,0.1460473444312811,0.8914613202214241,0.5920207351446152,1.064530138705777e-06,0.0002691975732886931,0.14233286678791046,17
0.891441747546196,0.5978008061647415,1.1442833258712426e-06,0.00028038503387506353,0.14583579450845718,0.8884404003620148,0.5840025097131729,1.1117368359236934e-06,0.0002770551582216285,0.0858663022518158,18
0.8914523031562567,0.5978963598608971,1.1511505420003232e-06,0.00028134171134297503,0.14638304337859154,0.8895268663764,0.5699368640780449,1.021312968418897e-06,0.00027049438358517364,0.06670905649662018,19
0.8910051770508289,0.5966207347810268,1.2132836033629246e-06,0.0002846950037564966,0.14198212698101997,0.8854925110936165,0.56576257199049,9.943311098936647e-07,0.00032484595067217015,-0.4096650779247284,20
0.8915801364928484,0.5967459920793772,1.142110511054284e-06,0.0002797545985231409,0.14879927039146423,0.8906158432364464,0.5868414416909218,1.1101188803763762e-06,0.00027542033058125526,0.0885414183139801,21
0.891595870256424,0.5979675613343716,1.2100664825709373e-06,0.00028505766567832325,0.14537896402180195,0.8859314993023872,0.5661192536354065,1.0351351349413562e-06,0.0002774646272882819,0.07955829799175262,22
0.8912142291665077,0.5970864277333021,1.1494607736750595e-06,0.0002814196354847809,0.14454991929233074,0.8864422366023064,0.5601383969187737,9.974600558848579e-07,0.0002995024588017259,-0.35890433192253113,23
0.8914216738194227,0.5954963210970163,1.1406719373496799e-06,0.00027979212609352544,0.1416974477469921,0.889671616256237,0.568849042057991,1.118673900180056e-06,0.00027454414521344006,0.07321253418922424,24
0.8916674368083477,0.5977855324745178,1.168665338724395e-06,0.0002819984902089345,0.1474253237247467,0.8865566626191139,0.5698284208774567,1.1422096335422793e-06,0.00028008587833028287,0.0012814179062843323,25
0.8916247766464949,0.5978726372122765,1.152367017809297e-06,0.0002808879730764602,0.14522308856248856,0.8863184303045273,0.5722257345914841,1.1011149894102346e-06,0.00027983978361589834,0.09823402762413025,26
0.8914416711777449,0.5950037389993668,1.1541772764189773e-06,0.00028161735554022016,0.14498482272028923,0.7981595173478127,0.26484157145023346,1.1734678793118292e-06,0.00028798033599741757,-0.10116539895534515,27
0.8917148280888796,0.5978137943893671,1.136454756966998e-06,0.0002791736887957086,0.14866329357028008,0.8923582583665848,0.5954687967896461,1.0512025809816805e-06,0.00026846402943192516,0.14850401878356934,28
0.8916402962058783,0.597504835575819,1.1462517530702598e-06,0.0002805246808748052,0.14593353122472763,0.8872773125767708,0.5757295563817024,1.0638684244668184e-06,0.0002773228879959788,0.14019785821437836,29
0.8915365412831306,0.597188200801611,1.1402945503391493e-06,0.0002799486592266476,0.14743547327816486,0.8892149031162262,0.5815190970897675,9.94965418499305e-07,0.00028582427330547944,-0.005772322416305542,30
0.8912000693380833,0.5965924188494682,1.1605259917502053e-06,0.0002819549663399812,0.1466540675610304,0.8883213177323341,0.5879527851939201,1.1014502518946756e-06,0.00026886324485531077,0.10384740680456161,31
0.8913251124322414,0.597407104447484,1.1720589849772978e-06,0.0002831649717336404,0.1434551291167736,0.8887436389923096,0.5657326430082321,1.0948863291559974e-06,0.0002685202362044947,0.12113775312900543,32
0.8916536588221788,0.5981425736099482,1.153750687876709e-06,0.00028106743138778256,0.14688664861023426,0.8792006745934486,0.5280478820204735,1.006699392291921e-06,0.00029952967452118173,-0.15266330540180206,33
0.8905135877430439,0.5949181653559208,1.160162637958706e-06,0.0002823247932610684,0.1468659769743681,0.885663315653801,0.5598558038473129,1.0649928938732955e-06,0.0002672009159141453,0.09354342520236969,34
0.8916063141077757,0.5972057394683361,1.1489740963099848e-06,0.0002805323815664451,0.1483780164271593,0.8822846487164497,0.5370461717247963,9.985072466633937e-07,0.0002979472374136094,-0.28931933641433716,35
0.891366945579648,0.5967055577784777,1.1490198374985994e-06,0.0002806918651003798,0.14420581236481667,0.888589933514595,0.5772228017449379,1.0109107293487796e-06,0.00028382239179336466,0.07025149464607239,36
0.891445092856884,0.5967117287218571,1.1674374000847365e-06,0.0002810144460454467,0.14581012912094593,0.885347418487072,0.566697470843792,1.0554625475833745e-06,0.00028566622131620534,0.1289137750864029,37
0.8913363311439753,0.5974344946444035,1.1681115523742847e-06,0.000281862906376773,0.14575855806469917,0.8909641578793526,0.5819656699895859,1.0637479093134061e-06,0.0002644505293574184,0.1334001123905182,38
0.8917452339082956,0.5976020433008671,1.1549009819589173e-06,0.0002813503569996101,0.14833395928144455,0.886806532740593,0.5690760090947151,1.0142950799263417e-06,0.0002876290054700803,0.025282323360443115,39
0.8913640566170216,0.5963486172258854,1.145145077430243e-06,0.0002805998210533289,0.14453071542084217,0.8852667137980461,0.5661555454134941,1.100923931574016e-06,0.00027915505415876396,0.10389219969511032,40
0.8898211121559143,0.5935867112129927,1.1795406020809196e-06,0.00028306233434705064,0.14430661126971245,0.8879041001200676,0.5831626355648041,1.1105878172656958e-06,0.00027492138906382024,0.08861067146062851,41
0.8908541426062584,0.5883213728666306,1.1685849319320596e-06,0.00028250145487618283,0.14464600570499897,0.8814843520522118,0.5262029618024826,1.0125760923074267e-06,0.000278801529930206,-0.05296316742897034,42
0.8904414940625429,0.585559094324708,1.1896933909127938e-06,0.0002825633791871951,0.14699530228972435,0.8832634910941124,0.5466461554169655,9.935833418239781e-07,0.00032503252805327065,-0.3890855759382248,43
0.8900130186229944,0.5854937452822924,1.1505596901884019e-06,0.0002810147152558784,0.14351323619484901,0.8772709891200066,0.5126666948199272,1.1539704161123154e-06,0.0002832452410075348,-0.047559455037117004,44
0.8905825987458229,0.586876630783081,1.1703128723894451e-06,0.0002818641305566416,0.14791628532111645,0.888739638030529,0.5774978548288345,1.013607274558126e-06,0.000272219542239327,0.0752238780260086,45
0.8903567753732204,0.5862971395254135,1.1525764698205876e-06,0.0002812287411870784,0.14721737429499626,0.8862010538578033,0.5672859400510788,1.0184760981246654e-06,0.0002815619845932815,0.036369264125823975,46
0.8906661197543144,0.5862587168812752,1.1455854522779418e-06,0.00028167254185973434,0.1435520276427269,0.8840146362781525,0.562070444226265,1.0196652340255241e-06,0.00026826965404325165,0.05341891944408417,47
0.8901343997567892,0.585357679054141,1.1504757733149518e-06,0.00028220729109307285,0.13938467390835285,0.8768760561943054,0.5385338962078094,1.1590717861054145e-06,0.00028489945907494985,-0.062035560607910156,48
0.8895077090710402,0.5810919888317585,1.1610586341248563e-06,0.0002832289042089542,0.14708549343049526,0.8903647288680077,0.5737001970410347,1.0946210267093193e-06,0.0002690006804186851,0.12200168520212173,49
0.8910898100584745,0.5873066727072,1.1408118574252057e-06,0.00028007260834783665,0.14679495990276337,0.8792912140488625,0.5541729405522346,1.1443409135836191e-06,0.00028216783903189935,-0.005047231912612915,50
0.8911229427903891,0.587744427844882,1.149852506543425e-06,0.0002814616568684869,0.14769330248236656,0.8893979638814926,0.5707787945866585,1.0078878673880354e-06,0.00028398055292200297,-0.081411212682724,51
0.890499871224165,0.5859461352229118,1.156781593181222e-06,0.0002824188063641486,0.14805163070559502,0.8839359953999519,0.5629244148731232,1.1303666553885705e-06,0.0002786401346384082,0.026786111295223236,52
0.8902794476598501,0.5868592839688063,1.1404615118948414e-06,0.0002805793187690142,0.14283745549619198,0.8845422565937042,0.5597769618034363,1.1317134820387764e-06,0.00027959873841609806,0.026615925133228302,53
0.8903303314000368,0.5871761459857225,1.1522079894632498e-06,0.00028173148075438803,0.14818749576807022,0.8868159353733063,0.5648670718073845,1.0159137673326768e-06,0.00028845899214502424,0.03724782168865204,54
0.8905696477741003,0.5868139024823904,1.1445684169331116e-06,0.0002805682670441456,0.1448616273701191,0.8731736242771149,0.5354170873761177,1.132116409507944e-06,0.0002818992215907201,0.01148860901594162,55
0.8899701088666916,0.5854217801243067,1.1653326037475153e-06,0.00028302746704866877,0.14456813409924507,0.8822456747293472,0.5248179733753204,1.134765760468781e-06,0.00027698746998794377,0.018895581364631653,56
0.8904226142913103,0.5867202635854483,1.1551835292777923e-06,0.0002827690727826848,0.14521775767207146,0.8888098672032356,0.5736985728144646,1.025301791912625e-06,0.0002672894024726702,0.09754678606987,57
0.8902760334312916,0.5873547736555338,1.137293544672957e-06,0.0002804140058287885,0.145512780174613,0.8892126977443695,0.5819664299488068,1.0074948235683223e-06,0.0002884860696212854,0.022116057574748993,58
0.8898817226290703,0.5849058348685503,1.1466469285181802e-06,0.00028129912561780657,0.1448064912110567,0.8897961378097534,0.5814191922545433,1.0466579070111948e-06,0.00027274266176391393,0.14793358743190765,59
0.890769463032484,0.586101096123457,1.1403349500227478e-06,0.0002806480333674699,0.1481233313679695,0.8849570751190186,0.5738234147429466,1.1130554256055802e-06,0.0002773352534859441,0.07845784723758698,60
0.8903669752180576,0.5879589132964611,1.1637816470511098e-06,0.0002826029499374272,0.1439005695283413,0.8788332641124725,0.5432395190000534,1.1324647815058597e-06,0.0002805050608003512,0.013745687901973724,61
0.8901300430297852,0.586763272061944,1.1418197729540225e-06,0.00028047092564520426,0.1481128204613924,0.8825284987688065,0.5312274247407913,1.1239774337923336e-06,0.00027555001361179166,0.04410190135240555,62
0.890522314235568,0.5875838063657284,1.1417859067108793e-06,0.00028072692248315434,0.14680444821715355,0.8858377262949944,0.5672305524349213,1.034386301057566e-06,0.000278522667940706,0.11039936542510986,63
0.8896068874746561,0.5839622765779495,1.1645743018817711e-06,0.00028330724126135465,0.14112160354852676,0.8876879066228867,0.5776393935084343,1.1357605274042726e-06,0.00027661457716021687,0.02489043027162552,64
0.8903768230229616,0.587014002725482,1.1460062108170632e-06,0.00028138758170825895,0.146250631660223,0.8828342333436012,0.5270928740501404,1.1370407762001378e-06,0.00027643435532809235,0.01816447824239731,65
0.8902201559394598,0.5872957203537226,1.1540561217771028e-06,0.0002819323954099673,0.14526470750570297,0.8806059285998344,0.5278084501624107,9.900004798168993e-07,0.00031529562329524197,-0.47177205979824066,66
0.8898827377706766,0.5860114451497793,1.1627707188210934e-06,0.000282208900898695,0.1462244875729084,0.8903707265853882,0.5803691372275352,1.0244772283840575e-06,0.00027098465579911135,0.12559517472982407,67
0.8902651946991682,0.5863549131900072,1.1516155993263055e-06,0.0002818543612193025,0.1461644060909748,0.8793707117438316,0.5217898935079575,9.99675449975257e-07,0.00029314168205019087,-0.21646034717559814,68
0.8905529789626598,0.5869639702141285,1.1499482734933508e-06,0.00028131444878454204,0.14829207584261894,0.8892451822757721,0.5729061290621758,1.038750262694066e-06,0.00026617989351507276,0.10877318680286407,69
0.8899286650121212,0.5850911028683186,1.1554036376537624e-06,0.00028214443864271743,0.14317596890032291,0.8887976929545403,0.5779194161295891,1.072475974694953e-06,0.00027068420240539126,0.1513333022594452,70
0.8901853635907173,0.5874456558376551,1.14691183661364e-06,0.0002814346598825068,0.1473380383104086,0.8915000408887863,0.5835309103131294,1.0951608260256762e-06,0.0002707890398596646,0.12045852094888687,71
0.889979051426053,0.5859249327331781,1.1636733621145368e-06,0.0002826622221618891,0.14596427232027054,0.8815116807818413,0.5469049140810966,1.1254425089646247e-06,0.00027859805413754657,0.042249731719493866,72
0.8902832604944706,0.5863264016807079,1.1566805007134917e-06,0.00028193883281346643,0.14603359624743462,0.8889082819223404,0.5661267414689064,1.128216922552383e-06,0.0002757245129032526,0.04447920620441437,73
0.8903395719826221,0.5876960214227438,1.1611919035203755e-06,0.00028257597386982525,0.1451773066073656,0.8818516731262207,0.54064080119133,1.1145665794742854e-06,0.0002772667503450066,0.06843706220388412,74
0.8891893569380045,0.5806693807244301,1.1542223266047813e-06,0.0002820460731527419,0.14606485329568386,0.8865210860967636,0.5606293603777885,9.919874131014694e-07,0.00031447970468434505,-0.43597739934921265,75
0.8896870855242014,0.5865199230611324,1.1437218301324492e-06,0.00028095331572330906,0.14556634239852428,0.8860784024000168,0.5504734143614769,1.0394414218239945e-06,0.0002753914850472938,0.07745951414108276,76
0.8890612721443176,0.5855979193001986,1.182251914144672e-06,0.0002846630127351091,0.145351218059659,0.8737851232290268,0.5270725265145302,1.0005262609524834e-06,0.00035150593612343073,-0.27909035980701447,77
0.8896932806819677,0.5846542622894049,1.1679174569678707e-06,0.00028342450332274893,0.14839795418083668,0.8721170946955681,0.502358864992857,1.1690812442566312e-06,0.0002861644679796882,-0.08019334077835083,78
0.8899031411856413,0.588407451286912,1.1508954180783348e-06,0.0002819427527356311,0.1461883932352066,0.8911045789718628,0.5868011265993118,1.022920507409708e-06,0.00027450919878901914,0.0951220765709877,79
0.8897846266627312,0.5881055071949959,1.151205482941009e-06,0.0002816243691086129,0.14708302356302738,0.8814366906881332,0.5552344620227814,1.0006458381894845e-06,0.00031200364901451394,-0.10633590817451477,80
0.890024971216917,0.5892128068953753,1.1668074311188548e-06,0.0002826154700414918,0.14388036914169788,0.8879653587937355,0.5812969729304314,1.092740887997934e-06,0.00027059815874963533,0.12097455561161041,81
0.8899675868451595,0.5886231958866119,1.1673516464583145e-06,0.00028372543874866096,0.13927100785076618,0.8849201649427414,0.5796402469277382,1.1295629178675881e-06,0.00027616577790468,0.03275017440319061,82
0.8901849668473005,0.5894419774413109,1.15621747198702e-06,0.00028176487467135303,0.1464487463235855,0.8907470032572746,0.5682684630155563,1.0821603240174227e-06,0.0002677435040823184,0.13945882767438889,83
0.8904527761042118,0.5896509755402803,1.1605430305650088e-06,0.0002822173273671069,0.1454208418726921,0.8882811069488525,0.5760992392897606,1.0026608237012624e-06,0.0002761691102932673,0.036363571882247925,84
0.8900401871651411,0.5885740611702204,1.1714597487610945e-06,0.0002823103868649923,0.14559227786958218,0.8846310824155807,0.5550880953669548,1.0811105255470466e-06,0.00027895662788068876,0.13297872245311737,85
0.8905594740062952,0.5886768642812967,1.1713731193907506e-06,0.0002823040558723733,0.14622395671904087,0.8819817453622818,0.5659588202834129,1.0868483570902754e-06,0.0002729128464125097,0.12229502201080322,86
0.8899553380906582,0.5873533301055431,1.154840891359754e-06,0.0002825220308295684,0.14530183374881744,0.8793019726872444,0.5498119071125984,1.0053154255729169e-06,0.00028559497150126845,0.030903637409210205,87
0.8903316557407379,0.5884649995714426,1.1446133498793643e-06,0.00028078450850443915,0.14519928209483624,0.8762905150651932,0.5013089179992676,1.1287787486935486e-06,0.00027656712336465716,0.028221294283866882,88
0.8903866466134787,0.5888525024056435,1.1439504241650411e-06,0.00028083146889912314,0.144634161144495,0.8719648122787476,0.5430216938257217,1.156611887154213e-06,0.0002842731664713938,-0.04615619778633118,89
0.8903532829135656,0.587514815852046,1.1559702777219627e-06,0.00028201614168210654,0.14763501286506653,0.8872634768486023,0.5723888576030731,1.1363427105948176e-06,0.0002779725837172009,0.017649240791797638,90
0.890316016972065,0.5885904971510172,1.1540327307102416e-06,0.00028198104973853333,0.14620593935251236,0.8785121217370033,0.5076567828655243,1.1601574030351003e-06,0.0002841730929503683,-0.06476464867591858,91
0.8902864251285791,0.5882101189345121,1.1403698376710736e-06,0.00028050183800587547,0.1477720532566309,0.8808004930615425,0.5707124397158623,1.1256009884164087e-06,0.00027671788484440185,0.04383715242147446,92
0.890061903744936,0.588263226673007,1.1430601798423368e-06,0.0002803931120070047,0.14662891626358032,0.8849457576870918,0.5517160668969154,1.0170587003699438e-06,0.00027185890940018,0.11218147724866867,93
0.8902482595294714,0.5871857292950153,1.160048313408879e-06,0.000281850504961767,0.14538632333278656,0.8801147043704987,0.5505969598889351,1.0108527135344048e-06,0.0004071568218932953,-1.06475730240345,94
0.8899619374424219,0.5867602415382862,1.1817720260154374e-06,0.0002846964407581254,0.14541964419186115,0.8839933276176453,0.5563521608710289,1.0453387488951194e-06,0.0002767859768937342,0.11505788564682007,95
0.8902634009718895,0.587679535150528,1.1897326146481646e-06,0.0002825379110618087,0.14351393841207027,0.8856988400220871,0.5384371131658554,1.0412358975031566e-06,0.0002688884615054121,0.09472456574440002,96
0.8903301078826189,0.5887673404067755,1.148492463798334e-06,0.0002812391367115197,0.14729944616556168,0.8821313381195068,0.5562300384044647,9.898589894419274e-07,0.00035664898314280435,-0.8132541924715042,97
0.890080438926816,0.5861360002309084,1.15813320711311e-06,0.0002826496461239003,0.14242991246283054,0.8829502761363983,0.5555792674422264,1.0140917154899398e-06,0.0003045426492462866,0.018990322947502136,98
0.8907389417290688,0.587469570338726,1.205287823324852e-06,0.00028508670584415086,0.14956908114254475,0.8682021647691727,0.5312745347619057,1.1126709082986963e-06,0.0002734444060479291,0.04767630249261856,99
0.8903845958411694,0.5873987637460232,1.1847058321023951e-06,0.00028327164909569547,0.14664462581276894,0.8922565877437592,0.5871316865086555,1.0405362402821083e-06,0.0002656009964994155,0.14420073479413986,100
0.8901345431804657,0.5867742449045181,1.1732824898302852e-06,0.0002837898514371773,0.1434708796441555,0.8869055733084679,0.5715334191918373,1.0285319476111e-06,0.00027387309455662034,0.09277420490980148,101
0.8901239912956953,0.5871007721871138,1.1510675790304958e-06,0.0002811199933603348,0.1469000857323408,0.8853269666433334,0.539623349905014,1.0305453841397139e-06,0.00026854312636714894,0.07460339367389679,102
0.8891537599265575,0.5868338830769062,1.1645046704700235e-06,0.00028303268209128873,0.14846346899867058,0.8807514011859894,0.5388054549694061,1.0590058323600715e-06,0.000267114681264502,0.10951302200555801,103
0.8894887808710337,0.5879200585186481,1.1489026547906178e-06,0.0002815793809531897,0.14592790603637695,0.8750193119049072,0.5353720784187317,1.0423759206901195e-06,0.00032108999221236445,0.02545623481273651,104
0.8897475693374872,0.586920864880085,1.1748826338475737e-06,0.00028346238013909897,0.1497333887964487,0.8836076259613037,0.5649553164839745,1.1291707622262948e-06,0.0002771471663436387,0.04045537859201431,105
0.8897069785743952,0.588410472497344,1.1670705486466204e-06,0.00028377087619446684,0.14552601613104343,0.8807615414261818,0.5493914932012558,1.0043467852938193e-06,0.00031989759372663684,-0.25204284489154816,106
0.8893157690763474,0.5856379698961973,1.1661439547339114e-06,0.0002831377250913647,0.14423462189733982,0.8615393340587616,0.5547558441758156,1.157905025195305e-06,0.00028377304261084646,-0.05068907141685486,107
0.8881074395030737,0.5841097254306078,1.156483758535387e-06,0.00028238472532393644,0.1427892055362463,0.8821929767727852,0.5651402845978737,1.1127353900519665e-06,0.00027996817880193703,0.06377328932285309,108
0.8885916471481323,0.5876889582723379,1.1593681605859274e-06,0.000282921288999205,0.14577503129839897,0.8885511755943298,0.5761501863598824,1.0029087960106153e-06,0.0002866830109269358,-0.06050240993499756,109
0.8886470105499029,0.5865921881049871,1.1482037063359485e-06,0.0002816383298522851,0.1452773306518793,0.8859516084194183,0.5717257782816887,1.0779261501170367e-06,0.00027464310187497176,0.13664179295301437,110
0.8890320006757975,0.5888452120125294,1.1613212187455701e-06,0.0002817192525981227,0.1434265822172165,0.8841991722583771,0.5776729062199593,1.0919656432406555e-06,0.0002746649261098355,0.12305634468793869,111
0.8895197063684464,0.5898178052157164,1.1707933111892999e-06,0.00028311918504186906,0.14735011756420135,0.8854385986924171,0.5722363665699959,1.0172576949685208e-06,0.00028607832427951507,0.0363738089799881,112
0.8896119240671396,0.588506767526269,1.1686907939179036e-06,0.0002825029050654848,0.1456955038011074,0.8894077613949776,0.5736354365944862,9.88087279552019e-07,0.00031199733712128364,-0.41433359682559967,113
0.8897728808224201,0.5895821414887905,1.1611127455068981e-06,0.0002819295964400226,0.1444162279367447,0.8859214261174202,0.5776711031794548,1.0899709863565477e-06,0.0002718845789786428,0.13137651234865189,114
0.8897033855319023,0.5900220591574907,1.1488566418194068e-06,0.0002810164533002535,0.14702652767300606,0.8774511516094208,0.5355054140090942,1.1095708032371476e-06,0.00027391496769268997,0.08489707857370377,115
0.8897305279970169,0.588518138974905,1.1412555256384849e-06,0.00028037298307026504,0.14705794677138329,0.8925149217247963,0.5875474214553833,1.1012351635031337e-06,0.00027134302763442975,0.11302269250154495,116
0.8901554886251688,0.5898892264813185,1.1393864358666406e-06,0.0002801646710395289,0.14563329331576824,0.8803881406784058,0.551273763179779,9.997402514727582e-07,0.00031019013113109395,-0.098787322640419,117
0.8898713681846857,0.5873221047222614,1.1422396770655041e-06,0.0002807406931424339,0.14276366494596004,0.8858164846897125,0.5661417469382286,1.0439939828188471e-06,0.0002716770250117406,0.15415597707033157,118
0.8901946190744638,0.5884614624083042,1.1475455572451665e-06,0.0002812707389239222,0.14472353644669056,0.8784656971693039,0.5183006972074509,1.1519846339069773e-06,0.00028234190904186107,-0.020417630672454834,119
0.8903902024030685,0.5896701831370592,1.1494644205356508e-06,0.00028146732029199484,0.14773480035364628,0.8793401047587395,0.5580363050103188,1.1246634130657185e-06,0.0002796740736812353,0.0334835946559906,120
0.8901856727898121,0.5893060099333525,1.1371543475746648e-06,0.00027981606262983405,0.14361704513430595,0.8808309659361839,0.5572936460375786,1.0021720342479057e-06,0.0003704568407556508,-0.6322663575410843,121
0.8901530560106039,0.5893188547343016,1.1764526242075135e-06,0.00028273290263314266,0.15002829767763615,0.8879726603627205,0.574597679078579,1.0161232069094694e-06,0.0002756718167802319,0.010838054120540619,122
0.8900705128908157,0.5890277903527021,1.1731173596984945e-06,0.0002828692072398553,0.14198382943868637,0.8791647627949715,0.5529037117958069,1.1333800955526385e-06,0.0002794728097796906,0.014662288129329681,123
0.8901103809475899,0.5886658597737551,1.146898563675336e-06,0.00028099746214138577,0.14566099271178246,0.8780977502465248,0.5604850351810455,1.1236093300226457e-06,0.0002817685053742025,0.03346756845712662,124
0.8900217171758413,0.5884435512125492,1.1533462043189502e-06,0.0002818240727719967,0.14642665907740593,0.8871177583932877,0.5769085958600044,1.0738302904655939e-06,0.00027146341744810343,0.1472802460193634,125
0.8903884310275316,0.5893769972026348,1.1528827066342728e-06,0.0002813016335494467,0.1467963568866253,0.88201554864645,0.557862862944603,1.0269624439729341e-06,0.0002906836562033277,-0.026344500482082367,126
0.8903459347784519,0.5880182236433029,1.1451215993218966e-06,0.0002811754993672366,0.14580913819372654,0.8902275562286377,0.569852776825428,1.0849095346543436e-06,0.0002676044368854491,0.11671151220798492,127
0.8900091629475355,0.588542677462101,1.1383130438247235e-06,0.00028018896000503446,0.1463519986718893,0.8838491439819336,0.5614153891801834,1.0353554316111513e-06,0.00029453920797095634,0.0860804095864296,128
0.8901626840233803,0.5879383534193039,1.1373883435084053e-06,0.0002796979938466393,0.14675071649253368,0.8846186771988869,0.5721819996833801,1.1322483501885472e-06,0.00027927502742386423,0.02385755628347397,129
0.890164939686656,0.5879373624920845,1.138333654893131e-06,0.0002796236458380008,0.1477277483791113,0.8845438957214355,0.5635039284825325,1.004517798719462e-06,0.0002986682557093445,-0.04361317306756973,130
0.8904493357986212,0.588614584878087,1.1437558278259985e-06,0.00028048696458427,0.1467271540313959,0.8853230625391006,0.5524916499853134,1.0032033941342888e-06,0.0002951073147414718,-0.18241281807422638,131
0.8902217131108046,0.5881817284971476,1.1569467872618588e-06,0.00028201087206980446,0.14749718084931374,0.8765841871500015,0.5544320419430733,1.1392479919436482e-06,0.0002783770651149098,0.009741447865962982,132
0.8903373219072819,0.5888327173888683,1.1520820510924068e-06,0.00028140578251623083,0.14803429692983627,0.8840530291199684,0.5336660817265511,1.0323624053398817e-06,0.00027170144676347263,0.06312087178230286,133
0.8899528589099646,0.5877880230545998,1.146667159446224e-06,0.00028071839733456727,0.14661473780870438,0.8864948526024818,0.5765810236334801,1.0946586996851693e-06,0.0002742470933299046,0.11908324807882309,134
0.8899476043879986,0.5883217323571444,1.1438909126582075e-06,0.00028072495297237765,0.14485546946525574,0.8824039623141289,0.5292366668581963,1.1297083943873076e-06,0.00027452028734842315,0.04657934606075287,135
0.8904109001159668,0.5886861402541399,1.1642582506965482e-06,0.00028233111424924573,0.14774148724973202,0.8903658464550972,0.5842063650488853,1.069858178937011e-06,0.0002722010394791141,0.13316229730844498,136
0.8901803065091372,0.5891533568501472,1.1564154132059912e-06,0.0002825209021466435,0.14847933128476143,0.8831789642572403,0.5578150227665901,9.967479002170876e-07,0.0003142947352898773,-0.1503227949142456,137
0.8903156369924545,0.5886227730661631,1.1921764393463263e-06,0.0002824605244313716,0.14681777358055115,0.884281650185585,0.5633734837174416,1.136496607045956e-06,0.000278113097010646,0.025921635329723358,138
0.8896637987345457,0.5868169516324997,1.163420675354132e-06,0.00028272035569898435,0.14466682821512222,0.8847581148147583,0.5636196881532669,9.969792031938596e-07,0.0003239632642362267,-0.3371073752641678,139
0.8903711531311274,0.5893580578267574,1.1495208340761565e-06,0.0002809564098242845,0.1469410378485918,0.8860058858990669,0.5670867785811424,1.0325885853035288e-06,0.0002785599026537966,0.10848672688007355,140
0.89004285633564,0.5873419735580683,1.1600436735648145e-06,0.0002824909934133757,0.1460966095328331,0.8892138972878456,0.5652572885155678,1.0070585432231383e-06,0.0002740972086030524,0.008304953575134277,141
0.8907283879816532,0.5888168029487133,1.139026990060188e-06,0.00028016364831273677,0.14895921386778355,0.8731647580862045,0.5421489402651787,1.1469872660541114e-06,0.0002821249763655942,-0.013423949480056763,142
0.89053063839674,0.5888572745025158,1.1469130605235023e-06,0.00028058385714757605,0.1454680785536766,0.8845844119787216,0.561588779091835,1.0092682316553692e-06,0.00030290269933175296,-0.020896419882774353,143
0.890149675309658,0.5870915967971087,1.1717454793114257e-06,0.00028266009576327633,0.14612344093620777,0.8865422382950783,0.5784893184900284,1.0328430732897687e-06,0.0002807992059388198,0.12683383375406265,144
0.8904909063130617,0.5883188787847757,1.1742697623162712e-06,0.0002843135989678558,0.14807693660259247,0.8831319212913513,0.5549633204936981,1.0179729130754822e-06,0.0002858260013454128,0.05271643400192261,145
0.8901147954165936,0.5872126054018736,1.1400706156905471e-06,0.0002799986127683951,0.14174381829798222,0.8801969587802887,0.5418227538466454,1.0453743328753262e-06,0.00030066139152040705,0.09205129742622375,146
0.8905691653490067,0.587269077077508,1.1665583112829836e-06,0.00028285515600146027,0.1468620616942644,0.8863713145256042,0.5799621567130089,1.060190434998276e-06,0.0002701330522540957,0.14849462360143661,147
0.8900865372270346,0.5883148070424795,1.163964766348613e-06,0.00028342501536826603,0.14752055332064629,0.8823626041412354,0.5556583479046822,1.0065690574379005e-06,0.00038313692130031995,-1.2927461862564087,148
0.8901118692010641,0.58821408636868,1.1492088223263863e-06,0.00028201343138789525,0.14131387509405613,0.8824641108512878,0.561798557639122,1.004294425399621e-06,0.00030929609783925116,-0.08842848241329193,149
0.8899790588766336,0.5869399067014456,1.1355916678112976e-06,0.00027951564925388084,0.14699050225317478,0.8605597242712975,0.44323157146573067,1.1692828465470484e-06,0.00028649054002016783,-0.0889054536819458,150
0.8903334755450487,0.5885099973529577,1.168769143689019e-06,0.00028220152353242156,0.1502109207212925,0.8782326653599739,0.5569814294576645,1.0833868842041738e-06,0.00027265228345640935,0.10356775671243668,151
0.8903947826474905,0.5880648531019688,1.143236097789213e-06,0.0002805607628033613,0.15017676539719105,0.8836061805486679,0.5650393441319466,9.976537853617629e-07,0.00029331346377148293,-0.00309058278799057,152
0.890258053317666,0.5878932345658541,1.15019733826216e-06,0.00028191451565362513,0.1465009655803442,0.8898406103253365,0.5792034342885017,1.0018967131486534e-06,0.00028147796547273174,-0.04434066265821457,153
0.8901249878108501,0.5883791968226433,1.1569831617208592e-06,0.0002813887458614772,0.14748027361929417,0.8838870674371719,0.5627089589834213,1.060409239528326e-06,0.0002747614707914181,0.14567429572343826,154
0.8901466783136129,0.5881806928664446,1.1605297505212775e-06,0.00028253101800146396,0.14811911061406136,0.8901583701372147,0.5660223737359047,1.0257171325633863e-06,0.00027508652783581056,0.009362809360027313,155
0.8883798681199551,0.5815880484879017,1.156327824602954e-06,0.00028236566640771343,0.14262610860168934,0.8886868953704834,0.5644624456763268,1.1189455619842192e-06,0.00027410035545472056,0.0753200501203537,156
0.8913301564753056,0.5896096881479025,1.152832489026423e-06,0.0002817802505887812,0.15252897515892982,0.88726656883955,0.5626722350716591,9.981641255762952e-07,0.0002966803949675523,-0.31734779477119446,157
0.8906791992485523,0.5895968079566956,1.1445560872402893e-06,0.0002806756938298349,0.14614488556981087,0.8769735023379326,0.5599122568964958,1.1457447328666603e-06,0.00027981901803286746,-0.011872425675392151,158
0.8903337176889181,0.589220006018877,1.1493893143921241e-06,0.0002803042279992951,0.14924322254955769,0.8845269531011581,0.5622897371649742,1.016286667265831e-06,0.00028423040930647403,0.09234747290611267,159
0.8907979540526867,0.588742021471262,1.1495525775728765e-06,0.0002801194782477978,0.148074047639966,0.8821243271231651,0.5279700681567192,1.1314085384128703e-06,0.0002780154609354213,0.024882733821868896,160
0.890416020527482,0.5886536873877048,1.1809123741102212e-06,0.00028212997221999103,0.14922063425183296,0.8780543953180313,0.5315765291452408,1.1250707743215571e-06,0.00027508590937941335,0.03887715935707092,161
0.8904381953179836,0.5888740886002779,1.1506096679880784e-06,0.0002809333618642995,0.14877022802829742,0.8848631083965302,0.5642160028219223,9.92479677108804e-07,0.0003115225335932337,-0.23570093512535095,162
0.8902887590229511,0.5884745456278324,1.1849243772843465e-06,0.00028378549632179784,0.1462668590247631,0.8560000136494637,0.5228334292769432,1.162616570127284e-06,0.0002852857760444749,-0.07997876405715942,163
0.8901954274624586,0.5869886334985495,1.1459452107231982e-06,0.00028110508355894126,0.14723237417638302,0.881458081305027,0.5527171790599823,1.0126117615527619e-06,0.0002998364689119626,-0.1123131811618805,164
0.8906356580555439,0.5887914039194584,1.161818877548626e-06,0.00028255006964172935,0.14708120003342628,0.8893268406391144,0.573818601667881,1.0037366635629041e-06,0.0002863826921384316,-0.14719897508621216,165
0.890370573848486,0.5882697142660618,1.1436652318508322e-06,0.0002802279782372352,0.1485300287604332,0.8922882825136185,0.5831515267491341,1.0634274545395783e-06,0.0002663080977072241,0.14350076764822006,166
0.8903024755418301,0.588277718052268,1.1510722472962698e-06,0.00028086859310860746,0.14896061271429062,0.8905787095427513,0.5886858627200127,1.079294463579572e-06,0.00026713722945714835,0.1459106057882309,167
0.8905441034585238,0.5891588162630796,1.1527412233647283e-06,0.00028189543354528723,0.14641444943845272,0.8895855098962784,0.5880582854151726,1.0650097053144236e-06,0.0002682700869627297,0.15162981301546097,168
0.8903667312115431,0.5890260245651007,1.1667664345793582e-06,0.0002822150449901528,0.14731278456747532,0.8727595433592796,0.541963592171669,1.144650141782222e-06,0.0002807064993248787,-0.02444489300251007,169
0.8907772041857243,0.5889884382486343,1.1419670240542246e-06,0.00028026084964949405,0.14927730709314346,0.886604979634285,0.5694479495286942,9.990501652623607e-07,0.0002889784664148465,-0.05826488137245178,170
0.890462813898921,0.588967677205801,1.1590018473839336e-06,0.00028194906872158754,0.1459446344524622,0.8880463466048241,0.5843903347849846,1.0779129198112969e-06,0.0002691018125915434,0.134141206741333,171
0.890041820704937,0.58818637765944,1.1861577551286473e-06,0.00028468859045460704,0.14460117928683758,0.8883884847164154,0.5814666673541069,9.817944288670333e-07,0.0003297645780548919,-0.3520575910806656,172
0.8894615564495325,0.5872233286499977,1.1535990473987567e-06,0.0002813538631016854,0.14410630613565445,0.8906831219792366,0.5761579349637032,1.1039771408150045e-06,0.0002718392224778654,0.10924311727285385,173
0.8905856627970934,0.5890456791967154,1.1529742387494935e-06,0.0002813571613842214,0.14926054514944553,0.888323649764061,0.5697385147213936,1.0859968853083046e-06,0.000272611669061007,0.13641606271266937,174
0.8900740183889866,0.5880894139409065,1.158784034061e-06,0.0002811492822729633,0.14727983251214027,0.8825247436761856,0.5408047884702682,1.0335753017898242e-06,0.00027372633121558465,0.12819353491067886,175
0.8895844593644142,0.5837817657738924,1.1468634628641894e-06,0.00028119030093876063,0.1474967859685421,0.8857588693499565,0.5621224865317345,1.0338342306681625e-06,0.00027585446150624193,0.1439668834209442,176
0.8898990321904421,0.5846779141575098,1.157539609053515e-06,0.00028116394469179795,0.14609687589108944,0.8858079612255096,0.5585555210709572,1.0318906689121832e-06,0.0002807503115036525,0.118616484105587,177
0.8902535066008568,0.5849872138351202,1.1441288378932768e-06,0.0002810478536048322,0.14882603846490383,0.8801908791065216,0.5410744845867157,1.1498257492803532e-06,0.0002810353835229762,-0.03218457102775574,178
0.8899505343288183,0.585007956251502,1.1815642597667875e-06,0.0002840166880559991,0.148257315158844,0.8895104378461838,0.5736727863550186,1.034884114403667e-06,0.00026706367134465836,0.10114023089408875,179
0.8901093360036612,0.5843027420341969,1.1482003632323767e-06,0.00028080329411750427,0.14562848769128323,0.888725571334362,0.5684336125850677,1.0100118430500515e-06,0.0002817349522956647,0.004777476191520691,180
0.8881014585494995,0.5778730474412441,1.1514334623541345e-06,0.00028187640418764204,0.14700989238917828,0.8799972161650658,0.549434170126915,1.018851826017908e-06,0.0002911426672653761,0.006973914802074432,181
0.8900566175580025,0.5851745046675205,1.1537202535549795e-06,0.00028197243318572873,0.1489296779036522,0.8842733055353165,0.5605718642473221,9.951970696420176e-07,0.00028157661290606484,-0.16216592490673065,182
0.8901797980070114,0.5854798909276724,1.200254995836758e-06,0.0002841552313839202,0.1418944988399744,0.8846619203686714,0.5467145666480064,1.0696788379505051e-06,0.00026706464632297866,0.14398185163736343,183
0.8900386560708284,0.5850581731647253,1.1779967330483032e-06,0.0002824587431859982,0.14700783044099808,0.8839890882372856,0.5610231831669807,1.0515486152939957e-06,0.0002790974613162689,0.12187092751264572,184
0.8901078756898642,0.5844165161252022,1.1470212903930133e-06,0.000280542093605618,0.14690301939845085,0.888281024992466,0.5709000006318092,1.1071459411482465e-06,0.0002733554720180109,0.09382380545139313,185
0.8894078694283962,0.5830811187624931,1.1443969523128317e-06,0.0002803862885230046,0.14930500648915768,0.8842072859406471,0.5531519502401352,1.0977364439668236e-06,0.0002812243619700894,0.10708317160606384,186
0.8905097469687462,0.5850918367505074,1.1531697516886652e-06,0.0002814149938785704,0.14762617275118828,0.8843881115317345,0.5628088191151619,1.0343768579446078e-06,0.00027844574651680887,0.09139575809240341,187
0.890368863940239,0.5847670510411263,1.1824948540350988e-06,0.00028360184933262644,0.14664994552731514,0.890219435095787,0.5757408738136292,1.030590034645229e-06,0.00026841606995731127,0.12822586297988892,188
0.890394851565361,0.5847430676221848,1.1446216383603769e-06,0.0002810525875247549,0.14784357324242592,0.8800697028636932,0.5366371124982834,1.0631096998281464e-06,0.0002684126557142008,0.08008274435997009,189
0.8904124218970537,0.5848860051482916,1.1463743412321037e-06,0.00028076942453481024,0.14525056071579456,0.873559258878231,0.5208773165941238,1.0237936294288374e-06,0.00027189527099835686,0.10428616404533386,190
0.890169482678175,0.5840663071721792,1.1589775894549348e-06,0.0002821891639541718,0.14817416481673717,0.8858793675899506,0.5658636316657066,1.0147251217063058e-06,0.00028463377748266794,0.08622165024280548,191
0.8903107885271311,0.5841925051063299,1.157430062903586e-06,0.00028199825237607,0.14639242179691792,0.8871941268444061,0.5665657743811607,1.0756223574048818e-06,0.00027639941254165024,0.13798344135284424,192
0.8901191391050816,0.5845490824431181,1.1609339853890788e-06,0.0002823011864165892,0.14650532230734825,0.8772851601243019,0.5299202054738998,9.936797837895028e-07,0.0002996470793732442,-0.3483496159315109,193
0.8901616558432579,0.5842240210622549,1.1444374692359816e-06,0.0002801804662340146,0.1459951438009739,0.882582850754261,0.5773289129137993,1.0366864700017686e-06,0.00030020554549992085,0.08121045678853989,194
0.8885911460965872,0.5811686683446169,1.1545552123237712e-06,0.0002822713422574452,0.14511253871023655,0.8760100081562996,0.5218304395675659,9.922044270638253e-07,0.0003046411038667429,-0.28105130791664124,195
0.8905555438250303,0.5845610499382019,1.1637925343421784e-06,0.00028244054101378424,0.14881066232919693,0.8844830021262169,0.5691003352403641,1.1360337950350186e-06,0.0002791877450363245,0.012659572064876556,196
0.8894966263324022,0.5834128670394421,1.1746232697618098e-06,0.00028362396369630005,0.14571628719568253,0.875935360789299,0.5646867901086807,1.086435794661611e-06,0.00029088549490552396,0.09183928370475769,197
0.8875765074044466,0.5785076450556517,1.144730253699322e-06,0.0002810757264342101,0.1460325364023447,0.8848520442843437,0.5677357763051987,1.0925113400617192e-06,0.0002725995836954098,0.11700008064508438,198
0.8895145859569311,0.5831552147865295,1.1821094147990152e-06,0.0002830757939591422,0.14516179263591766,0.8905032575130463,0.5752571448683739,1.1076665842324473e-06,0.0002765535973594524,0.08860915154218674,199
0.8904563821852207,0.5846238695085049,1.148436385989271e-06,0.00028117416786699323,0.14844300225377083,0.8864384144544601,0.5586495697498322,1.0120307436523035e-06,0.0002800871152430773,-0.0849725753068924,200
0.8904454167932272,0.5850458927452564,1.1631699123881845e-06,0.00028259720966161694,0.14750726521015167,0.8848460093140602,0.5672322288155556,1.0554179397104235e-06,0.00027572006365517154,0.13761522620916367,201
0.8906408231705427,0.584848590195179,1.161860422982386e-06,0.00028126653660365264,0.15011638775467873,0.8863857463002205,0.5726179704070091,1.0877796725594635e-06,0.00027255405439063907,0.12899387627840042,202
0.8908123224973679,0.585193132981658,1.1396182664213939e-06,0.0002797408178594196,0.14724634028971195,0.8768060281872749,0.5207027792930603,1.0622121919823257e-06,0.0002798741297738161,0.1378229707479477,203
0.8905208501964808,0.5851072464138269,1.1542485296445193e-06,0.00028145775740995305,0.14722616411745548,0.8869684189558029,0.5674430802464485,1.0035768625016317e-06,0.00029601042479043826,-0.045284926891326904,204
0.8907430395483971,0.5852346401661634,1.139986379072866e-06,0.00027980118511550245,0.149897376075387,0.8867915645241737,0.5673694908618927,1.0260872755907258e-06,0.00029454907780746,0.0678010880947113,205
0.8908927459269762,0.5845587514340878,1.156792466261436e-06,0.0002818897628458217,0.14821987599134445,0.8895524591207504,0.5728786811232567,1.0184828127535184e-06,0.00026949235689244233,0.11887572705745697,206
0.8906080145388842,0.5851118415594101,1.1562969692846536e-06,0.00028188066335133044,0.14965254068374634,0.8880440592765808,0.5647735074162483,1.003320292625176e-06,0.0002802156195684802,-0.09253013134002686,207
0.8905498199164867,0.585334450006485,1.1850991743500572e-06,0.0002827936336871062,0.15005039609968662,0.8844069764018059,0.5554031133651733,9.992302381078844e-07,0.0003093929735769052,-0.15410995483398438,208
0.8905002754181623,0.5848120804876089,1.1441271041690015e-06,0.000280660367479868,0.14529751054942608,0.8798465505242348,0.5320054143667221,1.1214478021770447e-06,0.0002747020589595195,0.04663228988647461,209
0.8904444053769112,0.5846134498715401,1.151750304018151e-06,0.0002814996664710634,0.14757598750293255,0.890546940267086,0.5798490419983864,1.0101752323521396e-06,0.0002714320035011042,0.10268829017877579,210
0.8908124398440123,0.5853369273245335,1.164085340121801e-06,0.00028203643023516634,0.1487045343965292,0.8906926661729813,0.5798249170184135,1.0284962073114912e-06,0.0002673231701919576,0.11037270724773407,211
0.8893726523965597,0.5824618749320507,1.151352391204341e-06,0.0002810781206790125,0.14368422329425812,0.8785448223352432,0.5365932434797287,1.0057687731546139e-06,0.0002854681988537777,0.018177948892116547,212
0.8905562032014132,0.5849713776260614,1.1585743706632456e-06,0.0002816880105456221,0.14889315702021122,0.8776329681277275,0.5314069762825966,9.986620881363706e-07,0.0002986078579851892,-0.19251306354999542,213
0.8906627055257559,0.584681598469615,1.1824925678638465e-06,0.00028261793886485975,0.1503780409693718,0.8809652552008629,0.5346342325210571,1.0613149186156079e-06,0.0002670276917342562,0.1308811604976654,214
0.8906855434179306,0.5841431878507137,1.1525725138739062e-06,0.0002814463264257938,0.14763622172176838,0.8823802322149277,0.5552356094121933,1.0225499806892913e-06,0.0003091902835876681,0.011053048074245453,215
0.8898517694324255,0.5840385779738426,1.1441121170463475e-06,0.00028069713698641863,0.1483873911201954,0.8708110228180885,0.5438573881983757,1.0928502405249674e-06,0.00027592229889705777,0.08621770143508911,216
0.8907002620398998,0.5849603321403265,1.1506052732812577e-06,0.00028124627124270773,0.1469595693051815,0.8803214877843857,0.5342576280236244,1.141864132137016e-06,0.0002799347130348906,-0.004378281533718109,217
0.8903983607888222,0.5851813461631536,1.1483704938086703e-06,0.0002813056976265216,0.14673567563295364,0.8855299353599548,0.5483487769961357,1.1110361768373878e-06,0.0002765484678093344,0.08321504294872284,218
0.8895389530807734,0.5833075996488333,1.1513631790194268e-06,0.0002809044403875305,0.1500068213790655,0.8874209374189377,0.5678804963827133,1.1295651560772058e-06,0.0002767247824522201,0.043639153242111206,219
0.8906293101608753,0.5851041004061699,1.166759645343518e-06,0.000282238616819086,0.1465231515467167,0.8821153417229652,0.5540484935045242,1.0413523341412656e-06,0.00027857366876560263,0.10826914757490158,220
0.890530051663518,0.5852761249989271,1.1632824126195374e-06,0.00028253001619304996,0.14630739018321037,0.8834516853094101,0.5667280331254005,1.139863570642774e-06,0.00027832688283524476,-0.00203646719455719,221
0.8897327780723572,0.5832626335322857,1.1450858892203541e-06,0.00028102931173634715,0.1461842767894268,0.879751592874527,0.5547731295228004,1.0132894843195572e-06,0.00042461016346351244,-1.2867457568645477,222
0.8888100367039442,0.5813480410724878,1.1569465279137603e-06,0.0002827961197908735,0.1443470697849989,0.8787536770105362,0.5437544211745262,1.1195946498787634e-06,0.00028203871988807805,0.041572488844394684,223
0.8907019849866629,0.5844431109726429,1.1659677543462976e-06,0.0002827100051945308,0.1478619370609522,0.884405791759491,0.5746085867285728,1.1159090433920937e-06,0.00027446265812614,0.0612129345536232,224
0.8880991823971272,0.5799897741526365,1.194902580436974e-06,0.0002847420510079246,0.13976775109767914,0.878167986869812,0.540984682738781,1.104740327662057e-06,0.00027958524151472375,0.0810578465461731,225
0.8881830219179392,0.5800166744738817,1.1802964525742254e-06,0.00028413345717126504,0.14521473087370396,0.8453246206045151,0.5207540020346642,1.105353781838403e-06,0.00028619215663638897,0.04414850473403931,226
0.888038756325841,0.5802364312112331,1.1683833367470697e-06,0.0002836785124600283,0.14593944512307644,0.8784814476966858,0.5473021566867828,1.1024955739458164e-06,0.0002782264164125081,0.08185423910617828,227
0.8886635731905699,0.5823086425662041,1.187248692247067e-06,0.00028434869955162867,0.1466498915106058,0.8817120790481567,0.5489672794938087,1.0475412253185823e-06,0.0002849285156116821,0.10298286378383636,228
0.8897808399051428,0.5837436374276876,1.1578571239567736e-06,0.0002822917663252156,0.14493326283991337,0.881449818611145,0.5393638089299202,1.0817012352504207e-06,0.00027078663151769433,0.12731288373470306,229
0.8905067667365074,0.585681488737464,1.1458811677300673e-06,0.00028086532756788074,0.14586607180535793,0.8831580430269241,0.548028752207756,1.1162331716718654e-06,0.0002744651246757712,0.06880074739456177,230
0.8904836196452379,0.5857519377022982,1.155274318875854e-06,0.00028111993697166326,0.1487430166453123,0.8867885544896126,0.5738051384687424,1.016941212128586e-06,0.00028686051518889144,0.09633447974920273,231
0.8907192666083574,0.5860769972205162,1.1519058151776562e-06,0.0002819667993207986,0.14825723692774773,0.8890736997127533,0.5794214606285095,1.0183848715428212e-06,0.0002799607900669798,0.10257764905691147,232
0.8905929625034332,0.5846985150128603,1.1483249284793828e-06,0.0002815002135321265,0.14599277079105377,0.8667690232396126,0.5153912007808685,1.0465633835110566e-06,0.00026993774190486874,0.074343740940094,233
0.8905730191618204,0.5848392080515623,1.141997424625174e-06,0.000280303715953778,0.14674064703285694,0.8825145661830902,0.5468202531337738,1.0259408753654498e-06,0.0002746725112956483,0.11340673267841339,234
0.8906781412661076,0.5857385080307722,1.1524900536130644e-06,0.0002810015739669325,0.15128638595342636,0.8728254437446594,0.5052152797579765,1.009220738978911e-06,0.0003004552963830065,-0.2508021295070648,235
0.8907562512904406,0.5854805260896683,1.149887060236665e-06,0.00028047573778167134,0.14996331557631493,0.8868008106946945,0.5664090216159821,1.0366575367015685e-06,0.0002843620823114179,0.12234131991863251,236
0.889602217823267,0.5845310185104609,1.1474964232149887e-06,0.0002808174212987069,0.15026515163481236,0.8885297328233719,0.5822689607739449,1.024992023701543e-06,0.00027973530086455867,0.12098671495914459,237
0.890866732224822,0.585846746340394,1.1521817580018023e-06,0.0002817552758642705,0.14468946494162083,0.8856209591031075,0.5642926469445229,1.0405342507624482e-06,0.0002805207186611369,0.12641232460737228,238
0.8906003274023533,0.5852994676679373,1.1449214145642372e-06,0.00028031756164637045,0.15028325654566288,0.8759427592158318,0.5215540826320648,9.978018482570405e-07,0.0003249787259846926,-0.5270838886499405,239
0.8904878627508879,0.5853395201265812,1.148397650752031e-06,0.0002813246665027691,0.14894129894673824,0.8724149987101555,0.5558779463171959,1.0560544723148269e-06,0.0002935100710601546,0.08512283861637115,240
0.8906031213700771,0.5850649178028107,1.1451770625114932e-06,0.0002808503049891442,0.14974835328757763,0.8859679102897644,0.5562123507261276,1.0995787249612476e-06,0.00027032705656893086,0.10998307168483734,241
0.8907045219093561,0.5853797309100628,1.1446026224604111e-06,0.0002804470868795761,0.14843758195638657,0.8852967619895935,0.5651318803429604,1.1007142006747017e-06,0.00027479751224745996,0.10380617529153824,242
0.8894233498722315,0.5829254724085331,1.153002935794234e-06,0.00028123148877057247,0.1458518374711275,0.8869934007525444,0.562627799808979,9.972374286348895e-07,0.0003038844442926347,-0.2779195159673691,243
0.8906879760324955,0.5846594143658876,1.1547021170343896e-06,0.0002814643430610886,0.1501403357833624,0.8840234354138374,0.5600998103618622,1.0165011516960476e-06,0.0002844792943506036,0.03713376820087433,244
0.8905880097299814,0.584415428340435,1.1434165188006773e-06,0.00028092466345697176,0.14706301130354404,0.8860675767064095,0.5596528649330139,1.0100614957764265e-06,0.0002888650924433023,-0.10462255775928497,245
0.890850193798542,0.5852243676781654,1.1399259829403263e-06,0.000279886536191043,0.14867714047431946,0.8748349770903587,0.5188570246100426,1.0029099115627105e-06,0.0003238300123484805,-0.3936546742916107,246
0.8908801414072514,0.5861085876822472,1.1569056237448194e-06,0.00028136419587099226,0.15078017301857471,0.8861255869269371,0.5673786401748657,1.0513364827602345e-06,0.0002759213966783136,0.1404251828789711,247
0.8901238441467285,0.5843707602471113,1.1505010579782038e-06,0.0002808816552715143,0.14642681181430817,0.8853511214256287,0.5662872195243835,1.0135287382695424e-06,0.00028525075686047785,0.09716473519802094,248
0.8906047008931637,0.5855422932654619,1.1917282183304678e-06,0.00028323784135864116,0.14933493360877037,0.8780048564076424,0.5459640249609947,1.0894332120869876e-06,0.0002791888327919878,0.11333491653203964,249
0.890513664111495,0.585449693724513,1.1452063439776339e-06,0.00028024618677591207,0.14923272840678692,0.8877395763993263,0.5686146393418312,1.0014369493660524e-06,0.0002944159023172688,-0.07997436821460724,250
0.8907470162957907,0.5854826532304287,1.141536964510692e-06,0.00028005339845549315,0.14555658027529716,0.8841182440519333,0.5506115704774857,1.0936181666920675e-06,0.00027294509345665574,0.10432800650596619,251
0.8909132312983274,0.5856262631714344,1.147593224004595e-06,0.00028008731442241697,0.14983532018959522,0.888063557446003,0.5666766092181206,1.0698407564291301e-06,0.0002673011586011853,0.14474503695964813,252
0.8911765366792679,0.5853651724755764,1.1490375477762882e-06,0.00028108953029004624,0.15005750954151154,0.8815955966711044,0.5606241747736931,9.964867686562684e-07,0.00029948849260108545,-0.04783104360103607,253
0.8907498437911272,0.5847117006778717,1.1471248075878293e-06,0.0002812216375787102,0.1456151343882084,0.8780181333422661,0.5358630791306496,9.891476722145853e-07,0.00032515600469196215,-0.6279379427433014,254
0.8905586376786232,0.5844529196619987,1.1668650632401523e-06,0.00028307646471148473,0.14863570220768452,0.8832402527332306,0.5493846610188484,1.0368076885924893e-06,0.0002736988681135699,0.13089093565940857,255
0.8904841002076864,0.5850909315049648,1.155737555436076e-06,0.00028195136655995157,0.14689728617668152,0.8900290504097939,0.586813896894455,1.0571709623263814e-06,0.00027233874789089896,0.15725314617156982,256
0.8901504203677177,0.5848701894283295,1.1525192622485747e-06,0.0002820429444909678,0.15019850991666317,0.8865490779280663,0.5680386275053024,9.949003469955642e-07,0.00028713019855786115,0.0016504377126693726,257
0.8902616761624813,0.5833024065941572,1.1513851951860943e-06,0.00028113256485085003,0.14563006348907948,0.8809451311826706,0.540338858962059,1.1411679849970824e-06,0.0002794585998344701,0.0038765892386436462,258
0.8909083064645529,0.5853589698672295,1.1560947719146952e-06,0.0002809065058499982,0.1504968237131834,0.8877696767449379,0.5708844810724258,1.113958063569953e-06,0.00027296064945403486,0.08755753934383392,259
0.8896021656692028,0.580645052716136,1.1453869213085e-06,0.0002808491208270425,0.1458262987434864,0.8821258619427681,0.555166982114315,9.972718189033003e-07,0.00034913407944259234,-0.4554532319307327,260
0.8907031901180744,0.5848641935735941,1.1451396382256007e-06,0.00028093107084714575,0.14551019854843616,0.8850818201899529,0.5594565272331238,1.0154034200127171e-06,0.000292406119115185,0.013772502541542053,261
0.8908745665103197,0.5849683992564678,1.1819440679516902e-06,0.0002845208464350435,0.14874114654958248,0.8820456638932228,0.5574974566698074,1.1377097095532918e-06,0.00027700849750544876,0.013751260936260223,262
0.8906777687370777,0.5851130988448858,1.1571082438877056e-06,0.0002816656451614108,0.14716158621013165,0.8863861560821533,0.5630122721195221,9.904922606551736e-07,0.00031776084870216437,-0.44714078307151794,263
0.8906898349523544,0.5849289111793041,1.149318704207758e-06,0.0002808600106618542,0.1491148006170988,0.8873001784086227,0.5691290721297264,1.010165085801873e-06,0.0002800124348141253,0.009609445929527283,264
0.8906671199947596,0.5845613889396191,1.1610404602180324e-06,0.00028179366290714825,0.14840679615736008,0.8886896595358849,0.5792564228177071,1.0458728283424534e-06,0.00026925284691969864,0.14228902757167816,265
0.8904049247503281,0.5850967820733786,1.152211648758339e-06,0.0002814080680764164,0.15032183937728405,0.8899647817015648,0.586756244301796,1.0788110174075882e-06,0.0002683768816496013,0.14255184680223465,266
0.8902905732393265,0.5841093342751265,1.1677322468983675e-06,0.0002815707830450265,0.14668959192931652,0.888551376760006,0.5696093887090683,1.001133512090746e-06,0.00031357915941043757,-0.08559638261795044,267
0.8872985299676657,0.5780300069600344,1.1838871287750408e-06,0.0002836581425071927,0.14655275456607342,0.8821343332529068,0.5494017526507378,1.1371593373610267e-06,0.00028041126279276796,0.0030962377786636353,268
0.8899199571460485,0.5838712863624096,1.1450476904428797e-06,0.0002808163853842416,0.1493576020002365,0.8852884769439697,0.5641524866223335,9.970465342235002e-07,0.00031706748268334195,-0.31766486167907715,269
0.8908795118331909,0.58608228713274,1.1449830310539255e-06,0.00028048004878655775,0.1493051890283823,0.8840661570429802,0.562699131667614,1.04020158886442e-06,0.000285607049590908,0.10466659069061279,270
0.8908290825784206,0.5860273912549019,1.1429888946423716e-06,0.0002799770854835515,0.1454945132136345,0.8863720595836639,0.568116657435894,1.1247363147504075e-06,0.0002786112927424256,0.05228380858898163,271
0.8907383661717176,0.5851263627409935,1.1681348777159428e-06,0.0002826500090122863,0.1514800377190113,0.8792549520730972,0.5611613616347313,1.0798195475558714e-06,0.0002838112814060878,0.10805997252464294,272
0.8902022670954466,0.583202114328742,1.1474837418035122e-06,0.00028088493991162977,0.14683598466217518,0.8909820467233658,0.5829181671142578,1.0230417402112835e-06,0.00027608449454419315,0.12098413705825806,273
0.8890855628997087,0.5825882311910391,1.1422274326378101e-06,0.00028047577006873325,0.14662338607013226,0.889862060546875,0.5798036530613899,1.0473190314996828e-06,0.0002726179445744492,0.15849784016609192,274
0.8908184114843607,0.5855285953730345,1.1428628550191888e-06,0.00028014298868583865,0.15114676393568516,0.8872149586677551,0.5703129395842552,1.1090493856613648e-06,0.0002748437036643736,0.09000485390424728,275
0.8909214399755001,0.5852031335234642,1.1677827203016022e-06,0.00028271549172131927,0.1463911272585392,0.885339193046093,0.5647840425372124,1.0342974121613224e-06,0.00028266476874705404,0.12278930842876434,276
0.8907085098326206,0.5852915942668915,1.1609581793692314e-06,0.00028218999068485573,0.14813857711851597,0.8862707912921906,0.5616096779704094,1.1175507310667854e-06,0.000277645460300846,0.06734944880008698,277
0.8908116668462753,0.5857359245419502,1.1462582314436531e-06,0.00028085816165912547,0.14815048687160015,0.8877041339874268,0.5605078339576721,1.0699861761054308e-06,0.0002673701001185691,0.1461154893040657,278
0.8906680233776569,0.584804143756628,1.1406897630905632e-06,0.00027956365192949306,0.14932005666196346,0.8830381333827972,0.5600110292434692,1.0322593908540512e-06,0.00027711442453437485,0.07049958407878876,279
0.8908922765403986,0.5850606672465801,1.1803566017931644e-06,0.0002830867952070548,0.15106862783432007,0.8889523297548294,0.5653194710612297,1.0961873186943194e-06,0.00027218770992476493,0.11672724783420563,280
0.8907650522887707,0.584970148280263,1.153178702750779e-06,0.00028149672516519786,0.15065279603004456,0.8747156411409378,0.525541640818119,1.0930328997460492e-06,0.0002720967804634711,0.061482690274715424,281
0.8902998194098473,0.5844692513346672,1.1548761893465098e-06,0.0002816156966218841,0.14725347235798836,0.8855587616562843,0.5721549540758133,1.1185263630864029e-06,0.00027526658595888875,0.07034435868263245,282
0.8907756544649601,0.5854394156485796,1.1408256561651342e-06,0.00028041198038408766,0.14799007028341293,0.8832167163491249,0.5493947267532349,1.1331880571674446e-06,0.00027777951618190855,0.02573958784341812,283
0.8903957568109035,0.5851805713027716,1.1458460154045724e-06,0.00028096691266910057,0.1486787013709545,0.884989432990551,0.5788005217909813,1.1003988262814346e-06,0.000270877781076706,0.08759045600891113,284
0.8905297201126814,0.5849483478814363,1.1494988534366257e-06,0.00028080794436391443,0.14867913164198399,0.8825455605983734,0.5578843280673027,1.0023958267879607e-06,0.00035892800224246457,-0.5989300161600113,285
0.8901889640837908,0.5847957339137793,1.1889043936008648e-06,0.00028379176819726126,0.15065443888306618,0.8743727058172226,0.5108415335416794,1.0121539091301202e-06,0.0002903427775891032,-0.21231870353221893,286
0.8899456318467855,0.5841501783579588,1.1483380930599196e-06,0.00028085223402740667,0.14928747341036797,0.880704939365387,0.5531456172466278,1.1186392825379698e-06,0.00028493317222455516,0.04503582417964935,287
0.8905429691076279,0.5853451527655125,1.1405068960357312e-06,0.0002797637184812629,0.14987163990736008,0.8865203782916069,0.5745475143194199,9.967138367983353e-07,0.0002891839176299982,0.03716626763343811,288
0.8905332945287228,0.5853644013404846,1.1888449034103132e-06,0.00028314228302406264,0.14824146404862404,0.8853087350726128,0.5578861832618713,9.954813222634584e-07,0.00030864162181387655,-0.3713434040546417,289
0.8907110169529915,0.5854459311813116,1.1514208484442179e-06,0.00028139539654148393,0.14706315472722054,0.8870582208037376,0.5723500326275826,1.0341917260348055e-06,0.00027178231175639667,0.14179013669490814,290
0.8894872199743986,0.5838434807956219,1.1485125490651171e-06,0.000281362392797746,0.14500360749661922,0.876667320728302,0.5224876925349236,9.939437504158377e-07,0.0003185455861967057,-0.42185403406620026,291
0.8906881008297205,0.5854032337665558,1.1887898985207812e-06,0.00028374836529110326,0.14914287813007832,0.8888393118977547,0.5743630602955818,1.0010124285031452e-06,0.0002782721021503676,-0.009715110063552856,292
0.8906189929693937,0.5853971466422081,1.160387469667512e-06,0.00028235640547791263,0.1469110120087862,0.8868703246116638,0.570208378136158,1.0424569225619962e-06,0.0002685495164769236,0.15312917530536652,293
0.8906716927886009,0.5848351549357176,1.1503875754215187e-06,0.00028100888721382944,0.15022452548146248,0.8887303993105888,0.5825234353542328,1.0798158598390728e-06,0.0002687922496988904,0.13686037808656693,294
0.8893393948674202,0.5825831741094589,1.1499534977588155e-06,0.0002813126011460554,0.14779336005449295,0.8867613524198532,0.5722200572490692,1.0459450976441076e-06,0.00026730815443443134,0.14848985522985458,295
0.8905166648328304,0.5844714976847172,1.1577199483525646e-06,0.00028117683814343764,0.14793188869953156,0.8816878274083138,0.5319467037916183,1.130623303424727e-06,0.0002800521979224868,0.0299965962767601,296
0.8904731124639511,0.5847288277000189,1.1390678871237014e-06,0.00027959094040852506,0.15241470746695995,0.8869635760784149,0.5696478113532066,1.0994096584227009e-06,0.0002715068621910177,0.1153935119509697,297
0.8903899304568768,0.5843701828271151,1.1470934246915476e-06,0.00028070400230717496,0.14749380201101303,0.8831211999058723,0.5605104267597198,1.029767290106065e-06,0.0002861998073058203,0.05167800933122635,298
0.8906049951910973,0.5848928242921829,1.171404194977299e-06,0.0002817931763274828,0.14858686365187168,0.8882089853286743,0.5759326741099358,1.068008529614417e-06,0.0002683556158444844,0.1501467004418373,299
0.8907222039997578,0.5848571714013815,1.1842348968116312e-06,0.00028274734313527006,0.14916167221963406,0.8857003599405289,0.5665212422609329,1.0142315858274742e-06,0.0002871871620300226,0.06459743529558182,300
