0.6163894115015864,0.14142521578469314,0.021628328702718136,0.0911285481415689,-213184.14643859863,0.5908444076776505,0.022089991252869368,0.003979904809966683,0.06041813129559159,-41415.978515625,0
0.5699831452220678,0.07760462778969668,0.0002060587762571231,0.011848227542941459,-2438.3416233062744,0.38589151576161385,-0.08856877125799656,8.32202340461663e-05,0.008163156220689416,-907.6367263793945,1
0.5596418781206012,0.06322923749394249,4.053977653484253e-05,0.0055242044472834095,-476.5851502418518,0.6163599416613579,0.249027693644166,4.3247938265267294e-05,0.005353900312911719,-509.55787658691406,0
0.5772387776523829,0.07899139197252225,1.391579047549385e-05,0.003301768723758869,-158.42691111564636,0.5786559209227562,0.16869369335472584,0.006739587930496782,0.05344605119898915,-70132.9794921875,1
0.6059506852179766,0.10714009225921473,6.635612237460009e-06,0.0022579911164939404,-69.92962646484375,0.5754688531160355,0.1255017090588808,0.005778765014838427,0.045241162180900574,-58704.8837890625,2
0.6366472486406565,0.14541056286543608,3.6798873281895794e-06,0.001635215670830803,-33.4783171415329,0.6815869957208633,0.22336983494460583,6.273308099480346e-05,0.0043957356829196215,-621.6737213134766,0
0.6761682145297527,0.18873660219833255,2.464213842756635e-06,0.001254691476788139,-19.066566109657288,0.3766859658062458,-0.13577229902148247,1.2133182167417544e-05,0.001968296113773249,-124.58160018920898,1
0.7092332979664207,0.2329038807656616,1.8232076257618246e-06,0.0010004694304370787,-10.799907803535461,0.33236469328403473,-0.16921210289001465,4.236410234170762e-06,0.0012706815759884194,-35.0393590927124,2
0.7313770111650229,0.266129981726408,1.5614316204448642e-06,0.0008427192169619957,-7.463021486997604,0.2551461588591337,-0.311240091919899,2.446004998546414e-06,0.0007982782990438864,-13.575095653533936,3
0.7556045297533274,0.300905997864902,1.3886044598621083e-06,0.0007235846878757002,-5.048329666256905,0.2646602429449558,-0.36031075567007065,5.791333194338222e-06,0.0009821180501603521,-49.73844861984253,4
0.7840160056948662,0.34372649248689413,1.2736301684412865e-06,0.0006194467860041186,-2.964567542076111,0.7167321741580963,0.3387461043894291,1.6197755172697725e-06,0.0007847835149732418,-8.566287517547607,0
0.7955437935888767,0.36775544146075845,1.210286662001181e-06,0.0005522198989638127,-2.0495234355330467,0.770592138171196,0.3815896809101105,1.236531389281481e-06,0.0006521128379972652,-4.225614130496979,0
0.7990425303578377,0.3825914184562862,1.1630732217327022e-06,0.000505293670357787,-1.5967923998832703,0.7105469480156898,0.26836689561605453,1.6805486637849754e-06,0.0006929335504537448,-11.34217119216919,1
0.8130977414548397,0.40882892115041614,1.1462121349836707e-06,0.00046506334729201626,-1.1820111684501171,0.6882847920060158,0.27275969088077545,1.1835301805263043e-06,0.0005681143811671063,-2.8007448315620422,2
0.8119615688920021,0.409594333730638,1.1758704729913916e-06,0.000442068178927002,-0.983142476528883,0.6933364048600197,0.265468567609787,1.1882879320523898e-06,0.0005816531192976981,-2.8935544788837433,3
0.8172487486153841,0.4257537410594523,1.1324635682541384e-06,0.00041714826602401445,-0.7072401344776154,0.8229833990335464,0.3997419811785221,1.0666572549666853e-06,0.000472303363494575,-1.7253108620643616,0
0.8067164216190577,0.42215961241163313,1.1672223898528955e-06,0.0004101712047486217,-0.8143178559839725,0.670288547873497,0.2725975662469864,1.0921266451191514e-06,0.0004536122578429058,-1.1474089622497559,1
0.8080232571810484,0.4265272249467671,1.1444055036946565e-06,0.0003895048939739354,-0.6296458356082439,0.602031446993351,0.1494417767971754,1.0967536638872843e-06,0.000473610642075073,-1.1022482812404633,2
0.7434928342700005,0.3357672765851021,1.790749948327175e-06,0.0005132922715347377,-8.558565821498632,0.26743121817708015,-0.1815035045146942,1.2757671328245124e-06,0.0003841471225314308,-1.605885535478592,3
0.7949744295328856,0.4262683461420238,1.1782982660690777e-06,0.00038171413871168625,-0.5963727608323097,0.8284691646695137,0.4369707815349102,1.026664357084428e-06,0.0004140028031542897,-1.2732525169849396,0
0.8403422888368368,0.48924213740974665,1.1383988898217012e-06,0.0003386884600331541,-0.1346956342458725,0.8046751171350479,0.37051498517394066,1.0418102220910441e-06,0.0003694162987812888,-0.3019537329673767,1
0.8126084804534912,0.4492767476476729,1.1596815738812438e-06,0.0003547522373992251,-0.5334437433630228,0.7746829688549042,0.31187206879258156,1.0737064286558962e-06,0.00043781951535493135,-1.1854769587516785,2
0.8124198745936155,0.46652004588395357,1.166080547676529e-06,0.0003437987634242745,-0.2613453343510628,0.8425608426332474,0.4683029539883137,1.0203517675222429e-06,0.00037127257746760733,-0.5226621776819229,0
0.828689806163311,0.48241653805598617,1.1696314068387892e-06,0.00033153077856695745,-0.17396927252411842,0.22591613046824932,-0.292113795876503,1.1882320549716496e-06,0.0003346520534250885,-0.28235621750354767,1
0.7253759279847145,0.33725358929950744,2.779024130816765e-06,0.0005367168587326887,-20.09369565360248,0.8575177788734436,0.47238460928201675,1.03093427838985e-06,0.0003204842178092804,-0.10382241010665894,0
0.834606721997261,0.4905529301613569,1.166913712324913e-06,0.00031556677458866034,-0.019181083887815475,0.83684191852808,0.4914601966738701,1.0486276593724142e-06,0.00031460937680094503,0.010211177170276642,1
0.8405592627823353,0.5055094752460718,1.1498263301490397e-06,0.0003097547451034188,0.003936644643545151,0.8663347214460373,0.49419448152184486,1.042835656051011e-06,0.00031105826928978786,-0.06412957608699799,0
0.8305318467319012,0.49403351824730635,1.162472226923228e-06,0.0003126389237877447,-0.023289546370506287,0.8098856136202812,0.47185078263282776,1.0791448161739936e-06,0.00031688546732766554,0.011577367782592773,1
0.8256114795804024,0.4874026570469141,1.2138290514940309e-06,0.00031474682054977166,-0.026398982852697372,0.8701702803373337,0.49285031482577324,1.0133780534715697e-06,0.0003140661574434489,-0.1321212351322174,0
0.8273287080228329,0.49122350942343473,1.1732440690082058e-06,0.0003132735882900306,-0.01894705928862095,0.7967637255787849,0.4800652228295803,1.0351386023899067e-06,0.000318251688440796,-0.09327125549316406,1
0.8160566352307796,0.4750103713013232,1.1574334966013566e-06,0.00031613170767741394,-0.10039606876671314,0.2650367245078087,-0.25094836950302124,1.189624967423697e-06,0.00031794525784789585,-0.24350059032440186,2
0.7457623351365328,0.3915880764834583,1.3425071507811026e-06,0.0003571790284695453,-2.4700051862746477,0.8557431846857071,0.4836656227707863,1.0684850764164366e-06,0.0002947490065707825,0.09020889550447464,3
0.8170268293470144,0.48787836730480194,1.1907345633943578e-06,0.00030622754093201365,0.001101721078157425,0.8672730624675751,0.5212730318307877,1.0626901101318253e-06,0.00029733742121607065,0.09968676418066025,4
0.7883448880165815,0.44858727016253397,1.2037511218920827e-06,0.0003123299457001849,-0.040655288845300674,0.8682946115732193,0.5159100070595741,1.0212268861664597e-06,0.0003167139038851019,-0.2968306541442871,5
0.7809933926910162,0.44615755998529494,1.1983585448405165e-06,0.00031764936102263164,-0.14482981525361538,0.7492037788033485,0.2912892624735832,1.0908141092613732e-06,0.0002938435754913371,0.023429304361343384,6
0.8305750880390406,0.5114582227542996,1.1645131721138569e-06,0.00030004645259396057,0.03113209642469883,0.7321539297699928,0.34242215007543564,1.0841713731224445e-06,0.0003398420667508617,-0.06987567245960236,7
0.7578458078205585,0.4197280489897821,1.2062727812178764e-06,0.00031856171608524164,-0.17154552415013313,0.6843845620751381,0.3453075550496578,1.1370428936174903e-06,0.0002928497524408158,-0.032776251435279846,8
0.8350767437368631,0.5085988631471992,1.1872003504720396e-06,0.00030106866051937686,0.03577938862144947,0.37677350267767906,0.061140325386077166,1.1383279172605398e-06,0.0003778446371143218,-0.39130882918834686,9
0.8341751396656036,0.5085570318624377,1.2037334684578127e-06,0.0003053945329156704,0.008123446255922318,0.3438222259283066,-0.1611765306442976,1.945207003473115e-06,0.000611896175541915,-8.290066123008728,10
0.7753197075799108,0.4348073292057961,1.2193715193120624e-06,0.00031313781255448703,-0.24265569634735584,0.553666889667511,0.2724228873848915,1.1164327986534772e-06,0.0003264346596552059,-0.17947492003440857,11
0.8241585660725832,0.4954670681618154,1.1963021826488784e-06,0.000303826014715014,0.007046632468700409,0.8825176060199738,0.5495943948626518,1.0165698540731682e-06,0.0003004261998285074,-0.017489999532699585,0
0.8571429140865803,0.5328145306557417,1.172510117442016e-06,0.0002971189715026412,0.052516620606184006,0.8278643637895584,0.4311211183667183,1.036931948306119e-06,0.00035399010812398046,-0.251596137881279,1
0.8460351247340441,0.5119699519127607,1.1688157570688418e-06,0.00029847131327187526,0.032167352735996246,0.8615708872675896,0.48706959560513496,1.0449850122995485e-06,0.0003073484913329594,0.054856814444065094,2
0.8412397690117359,0.5124098211526871,1.1794522603025825e-06,0.0002994586739077931,0.01397496648132801,0.8363789170980453,0.5216874778270721,1.0819784392879228e-06,0.000306400797853712,0.028973594307899475,3
0.8415384292602539,0.5083463154733181,1.1860826401033364e-06,0.00029835078930773307,0.03921196796000004,0.5946583673357964,0.2716076597571373,1.11544630243543e-06,0.0003403488881303929,-0.27859169244766235,4
0.8560788054019213,0.5232664057984948,1.205348404198503e-06,0.0002980916851811344,0.05989663675427437,0.855749785900116,0.5213632881641388,1.0695633392288073e-06,0.00030252128999563865,0.06600186973810196,5
0.8691034112125635,0.5366776026785374,1.1614542883009449e-06,0.0002933842711172474,0.0654152762144804,0.8802382051944733,0.536656066775322,1.0060006232492924e-06,0.0003310072534077335,-0.29604026675224304,6
0.8725872728973627,0.5451359767466784,1.175179125567638e-06,0.0002938110046670772,0.06589189730584621,0.3632180839776993,0.06084047397598624,1.1478056691771599e-06,0.0003687926182465162,-0.5627650171518326,7
0.8654085341840982,0.5376748004928231,1.1722444437367585e-06,0.0002922662483797467,0.08401865512132645,0.8430761098861694,0.43745021522045135,1.0402643297879877e-06,0.000300859785056673,-0.1900656372308731,8
0.8691805209964514,0.5401374297216535,1.1905680779022987e-06,0.0002932360957856872,0.07954861409962177,0.8815359398722649,0.548407256603241,1.0195708171067963e-06,0.0002870454736694228,-0.04570106416940689,9
0.8829925693571568,0.566269313916564,1.1784333562303573e-06,0.00029001345137658063,0.10517348349094391,0.8750834465026855,0.522117555141449,1.0141265178731373e-06,0.00028509567709988914,-0.14727883040905,10
0.8610141854733229,0.54292016569525,1.173011746402608e-06,0.0002905671026383061,0.07049737684428692,0.8810973912477493,0.5406017675995827,1.0704174826514645e-06,0.00027398113525123335,0.1261162981390953,11
0.8739873059093952,0.5566627439111471,1.2478439757046544e-06,0.0002925279272858461,0.10319055430591106,0.8829499110579491,0.551720105111599,1.0248293804693276e-06,0.00029434411408146843,-0.25955086946487427,0
0.8821160793304443,0.5750085450708866,1.1974208327103497e-06,0.0002882345906982664,0.1124047264456749,0.879391647875309,0.549052782356739,1.0128904079920176e-06,0.0003123464011878241,-0.23753945529460907,1
0.8846506625413895,0.5800062827765942,1.1798015115971339e-06,0.00028680671493930276,0.1195190604776144,0.8777606710791588,0.5614883229136467,1.055729050847276e-06,0.00027646738453768194,0.11436536908149719,2
0.882969731464982,0.577166355215013,1.2250705161420683e-06,0.0002880158463085536,0.11625718139111996,0.8826020732522011,0.5530532598495483,1.1155826413755676e-06,0.0003551294757926371,-2.3304188549518585,3
0.8861405961215496,0.5849669799208641,1.1530644865587192e-06,0.0002824851221703284,0.12885749340057373,0.846965953707695,0.43245747685432434,1.0291720755617462e-06,0.00028829924121964723,0.05928325653076172,4
0.8867983855307102,0.5869251247495413,1.1624582594293997e-06,0.0002831720976246288,0.12971843965351582,0.8819161653518677,0.5654807239770889,1.0378506729580295e-06,0.0002826652635121718,0.10931070894002914,5
0.8886635545641184,0.5920278746634722,1.1773152248650831e-06,0.0002840131473931251,0.1342522744089365,0.8888857364654541,0.5853214636445045,1.0238681227292545e-06,0.00027886845055036247,-0.06479808688163757,0
0.8897006623446941,0.5988746862858534,1.1702873390362356e-06,0.00028386509211486555,0.12723281793296337,0.8693472519516945,0.5158295780420303,1.1122359566684281e-06,0.0003642792835307773,-1.9240773022174835,1
0.8903431873768568,0.5983656980097294,1.174564170369763e-06,0.00028233496414031833,0.13426725938916206,0.8813386783003807,0.555055171251297,1.0668371643873797e-06,0.0002758899390755687,0.14581529796123505,2
0.8900050986558199,0.5961674023419619,1.1600792415578098e-06,0.00028204262162034865,0.13853998482227325,0.8779171481728554,0.5245414972305298,1.0023227758892972e-06,0.00033843973506009206,-0.2811828553676605,3
0.8898191060870886,0.5932225789874792,1.1642655355359466e-06,0.0002828621304615808,0.12687107175588608,0.8851596266031265,0.5610733032226562,1.1244917317299041e-06,0.0002779310816549696,0.0558941513299942,4
0.8890339620411396,0.5916079394519329,1.1581541965455244e-06,0.00028266050867387094,0.13777674734592438,0.8848305940628052,0.5747899189591408,1.0383783290990323e-06,0.00027867744574905373,0.1237744688987732,5
0.8900328818708658,0.5936804115772247,1.1570295352925086e-06,0.0002821580155796255,0.14312146604061127,0.8848133310675621,0.5582597628235817,1.003016443235083e-06,0.00029913026082795113,-0.16623465716838837,6
0.8899336978793144,0.5932947117835283,1.1762879648102853e-06,0.0002844681594069698,0.1413537710905075,0.8853949680924416,0.5734265893697739,1.0332366642273882e-06,0.0002742508913797792,0.08238957822322845,7
0.8903406225144863,0.5926418285816908,1.1590406199246672e-06,0.0002823137983796187,0.1430510226637125,0.8856390044093132,0.5595810785889626,1.0263395040510659e-06,0.000281256296148058,-0.0271737203001976,8
0.8903714809566736,0.593876950442791,1.1775700485827656e-06,0.0002828365059031057,0.1460454724729061,0.8764577135443687,0.528196208178997,1.0255400226810707e-06,0.0002822048409143463,0.008062362670898438,9
0.8902531992644072,0.5937934368848801,1.160660218602061e-06,0.00028308915989327943,0.14509568363428116,0.8895537555217743,0.5709700882434845,1.0015692168963142e-06,0.00028413911059033126,-0.09555648267269135,0
0.890545304864645,0.5957136359065771,1.1653904739006293e-06,0.0002830408088811964,0.14334869384765625,0.8668082430958748,0.5652499124407768,1.0871916558130579e-06,0.0002766293582681101,0.0930643305182457,1
0.8904298581182957,0.5939887408167124,1.1600931699717876e-06,0.00028276946886762744,0.14389041811227798,0.8882715702056885,0.5804111212491989,1.0439102808845746e-06,0.0002736648602876812,0.08616966009140015,2
0.8902993109077215,0.5954629089683294,1.1682998994899663e-06,0.000283467631561507,0.14286235719919205,0.8865347504615784,0.5924070850014687,1.1037456530971212e-06,0.0002700805471249623,0.10120855271816254,3
0.8907426334917545,0.5963730998337269,1.164147457544118e-06,0.0002819821979755943,0.1469201259315014,0.876420646905899,0.5668404400348663,1.1434638338414516e-06,0.0002820930603775196,-0.00914408266544342,4
0.8909308556467295,0.5960535034537315,1.152139519788875e-06,0.0002812963948599645,0.1436977069824934,0.8856421038508415,0.5636429190635681,1.100227080996774e-06,0.00027089775176136754,0.1050226241350174,5
0.8905358258634806,0.5972446445375681,1.153104628670576e-06,0.0002813912710735167,0.14773483015596867,0.882078729569912,0.5674155578017235,1.1224111844398976e-06,0.0002741561474977061,0.04811188578605652,6
0.8906497452408075,0.5966932158917189,1.1457713178231188e-06,0.00028076984290237306,0.14485722593963146,0.8850496411323547,0.5495207384228706,1.0137385189068482e-06,0.00027973154283245094,-0.0720619261264801,7
0.8903305791318417,0.595513079315424,1.1503285026748244e-06,0.0002813864803101751,0.14561896584928036,0.8839785531163216,0.5586845204234123,1.0280691142838805e-06,0.00028141733127995394,0.12417924404144287,8
0.8913153391331434,0.598565923050046,1.1524357006464925e-06,0.0002810777541526477,0.14738754741847515,0.8814821839332581,0.548194095492363,9.985183169192169e-07,0.0003261449128331151,-0.4079458862543106,9
0.8906521424651146,0.5963438786566257,1.1572272473614476e-06,0.00028191620822326513,0.14433801919221878,0.8831641674041748,0.5939065665006638,1.1084374875736103e-06,0.00027481653160066344,0.08603785932064056,10
0.8908098414540291,0.5972212087363005,1.1517606584021678e-06,0.0002813099881677772,0.1458724644035101,0.8846215158700943,0.5522568821907043,1.097689519724554e-06,0.0002711927427299088,0.10089708119630814,11
0.8898987472057343,0.595872800797224,1.1732923717033827e-06,0.0002825349711201852,0.1465898733586073,0.8771480843424797,0.5254101231694221,9.986134514861078e-07,0.00028922438650624827,-0.09551176428794861,12
0.8903482500463724,0.5958857927471399,1.1615841923884318e-06,0.00028212722099851817,0.14597420766949654,0.8863890096545219,0.5599915534257889,9.978470387750349e-07,0.0002933487521659117,-0.06253685057163239,13
0.8908941932022572,0.5985412113368511,1.1586881019098882e-06,0.0002815844900396769,0.1410717274993658,0.8748046383261681,0.588263213634491,1.1323458366518935e-06,0.00028011265385430306,0.020157061517238617,14
0.8898283950984478,0.596158953383565,1.1578956051749856e-06,0.0002820765148499049,0.14626343362033367,0.8906906768679619,0.5833432450890541,9.963477864971537e-07,0.0002820901609084103,-0.021145053207874298,0
0.8906276170164347,0.5982358586043119,1.1505398411770784e-06,0.0002815989155351417,0.14513499476015568,0.8906982988119125,0.5763174369931221,1.0142797606249587e-06,0.00028133720115874894,-0.1198653131723404,0
0.8909914754331112,0.5994278956204653,1.149671863487356e-06,0.0002809622724271321,0.14698069728910923,0.8887222334742546,0.584478422999382,1.0630829123670082e-06,0.0002787997254927177,0.14904259145259857,1
0.8908519819378853,0.5995205417275429,1.1732331248737182e-06,0.00028215736620040843,0.14664524234831333,0.8877956494688988,0.5647940933704376,1.0704034991704248e-06,0.000267698156676488,0.1122567281126976,2
0.8903832398355007,0.5972835775464773,1.1465436706714627e-06,0.00028051311210219865,0.1466909572482109,0.8890532031655312,0.579041987657547,1.0651202799749626e-06,0.0002706169561861316,0.11020535230636597,3
0.8910814970731735,0.6002951599657536,1.1473071896972442e-06,0.00028028793894918635,0.14938601665198803,0.8831296041607857,0.5932901576161385,1.1094755123508548e-06,0.00027597789085120894,0.08436214178800583,4
0.8904684241861105,0.5983035266399384,1.1594600959341506e-06,0.0002817955491991597,0.14799396693706512,0.882745586335659,0.5547784939408302,1.06125992260786e-06,0.00028850147646153346,0.12095075100660324,5
0.8902206644415855,0.5952144600450993,1.1523975640415074e-06,0.00028166178981337,0.14669400453567505,0.8863140195608139,0.5777298584580421,1.0629166240505583e-06,0.00027525267796590924,0.1492188200354576,6
0.8907447047531605,0.5979995504021645,1.1688847791901935e-06,0.0002818006551024155,0.1454843357205391,0.8840135037899017,0.5814743041992188,1.0062164577107069e-06,0.0002868929768737871,0.04910100996494293,7
0.8907733261585236,0.598741827532649,1.1754547877274035e-06,0.0002842097337634186,0.14755291678011417,0.8857012763619423,0.5500857084989548,1.0006027935105521e-06,0.0002911826341005508,-0.15258051455020905,8
0.8908223230391741,0.6001953631639481,1.1615410802079396e-06,0.00028173165856060223,0.1466061845421791,0.8758207857608795,0.5176443532109261,1.010870562367927e-06,0.0004022131506644655,-0.9506144970655441,9
0.890845350921154,0.595919219776988,1.1510646817924908e-06,0.0002810251426126342,0.14546222239732742,0.8905687779188156,0.5935247540473938,1.052425233183385e-06,0.000269844613285386,0.16165996342897415,10
0.8907304313033819,0.5975887440145016,1.1511894868476702e-06,0.00028074449619452935,0.14611276239156723,0.878794252872467,0.5900096073746681,1.0497809768139632e-06,0.0002791146544041112,0.12335694581270218,11
0.8913725521415472,0.5992061831057072,1.1449072996327914e-06,0.00028017272325087106,0.1471371427178383,0.6857448592782021,0.16942809894680977,1.1814470965987312e-06,0.0002899780847656075,-0.13921919465065002,12
0.8911083918064833,0.5988088957965374,1.1709541709592486e-06,0.000282539541785809,0.14758321270346642,0.8871649876236916,0.5599517375230789,1.0439210811341582e-06,0.00026635619360604323,0.11827867478132248,13
0.89142956584692,0.6003785729408264,1.1380671658400843e-06,0.0002795257773868798,0.14840378426015377,0.8891174644231796,0.5854625627398491,9.995099077286795e-07,0.0003187342736055143,-0.08733835816383362,14
0.8913571704179049,0.5998839437961578,1.1564720008294671e-06,0.00028119961370975943,0.1473256926983595,0.8836067765951157,0.5789340734481812,1.1323890163339456e-06,0.0002773997839540243,0.03252404183149338,15
0.8912310674786568,0.5996449533849955,1.1647828497274304e-06,0.00028250967307030805,0.14885053597390652,0.8876665234565735,0.5710060819983482,1.1478774695206084e-06,0.0002794883730530273,-0.010210126638412476,16
0.8915108367800713,0.6007535886019468,1.1565524058454457e-06,0.000282265697933326,0.14456838928163052,0.8802654892206192,0.5341697931289673,1.0019710643405233e-06,0.00031323581424658187,-0.6024748235940933,17
0.8912819810211658,0.6004450116306543,1.1579374472603376e-06,0.00028147015791546437,0.148156451061368,0.8835619017481804,0.5830764323472977,1.1198811762369587e-06,0.0002770286373561248,0.05554356426000595,18
0.8913349658250809,0.5992402862757444,1.159457658772567e-06,0.00028124600066803396,0.14840505458414555,0.8847281038761139,0.5690403580665588,1.05452194532063e-06,0.0002751101055764593,0.15121901780366898,19
0.8905335031449795,0.5971483364701271,1.1383035989354084e-06,0.00027968803533440223,0.14744697883725166,0.8877891525626183,0.5625528916716576,1.0709462472391351e-06,0.0002686513489607023,0.14608652144670486,20
0.8915319722145796,0.5996068865060806,1.1428142698832744e-06,0.000280054966424359,0.1484760195016861,0.8901911154389381,0.5735844746232033,1.0436501511890128e-06,0.0002761911746347323,0.09474329650402069,21
0.8915704526007175,0.6009731814265251,1.1451321704214479e-06,0.0002803022116495413,0.14960861206054688,0.885859914124012,0.5491472110152245,1.022012618534518e-06,0.000277083814580692,0.017216838896274567,22
0.8915827423334122,0.6012639924883842,1.1437445710527072e-06,0.00028027573807776207,0.14912352338433266,0.8838515132665634,0.5767123773694038,1.1234351404709741e-06,0.00027433375362306833,0.06102441996335983,23
0.8914995603263378,0.6000663321465254,1.1535287995911858e-06,0.0002815973398355709,0.14742456376552582,0.8150817602872849,0.4145071394741535,1.1496023759605123e-06,0.00027990797389065847,-0.04869517683982849,24
0.8915449120104313,0.5996162537485361,1.1477301402607054e-06,0.0002805100457408116,0.14600973203778267,0.8853405341506004,0.5775478705763817,1.0631246070147427e-06,0.00028923244099132717,0.12212158739566803,25
0.8914570566266775,0.6006301790475845,1.14182797439355e-06,0.00027980006461802986,0.149802777916193,0.8901803717017174,0.567362867295742,1.0025982959405155e-06,0.00028369433493935503,-0.06067240238189697,26
0.8915213383734226,0.5997481942176819,1.1596734914576246e-06,0.0002817383938236162,0.15087877959012985,0.8908633440732956,0.577869214117527,1.0015010118991086e-06,0.00029476128111127764,-0.30428172647953033,0
0.8914843909442425,0.5994115434587002,1.1503314407690368e-06,0.0002811095487231796,0.14706451259553432,0.8815824836492538,0.5625182688236237,1.1197553320130282e-06,0.00027738676726585254,0.048568010330200195,1
0.8915225490927696,0.5978934057056904,1.1579841938669233e-06,0.0002813539167618728,0.14555571787059307,0.8884874805808067,0.5856736674904823,1.0576279834140223e-06,0.0002686164716578787,0.16105005145072937,2
0.8913932498544455,0.5988945346325636,1.1388101661680139e-06,0.00028013787095915177,0.14818790927529335,0.8766120821237564,0.5265874415636063,1.017534941638587e-06,0.00041656848043203354,-0.92901511490345,3
0.8910658024251461,0.5983504131436348,1.1664690386936627e-06,0.0002813325600072858,0.14952797815203667,0.8864828422665596,0.5630280002951622,1.0829603667161791e-06,0.0002804768046189565,0.1228574886918068,4
0.8915773034095764,0.600475886836648,1.1530561643269266e-06,0.0002803447077894816,0.15007437206804752,0.8742837756872177,0.565708801150322,9.909221247994537e-07,0.00031060544279171154,-0.156611829996109,5
0.8909602127969265,0.5983248502016068,1.1618551756242823e-06,0.00028235565332579426,0.14632802829146385,0.8835452273488045,0.5457758456468582,1.0749894272521487e-06,0.0002731695967668202,0.04252719134092331,6
0.8915702328085899,0.600234791636467,1.1383391349539806e-06,0.00027954347069680807,0.1482310462743044,0.8850352987647057,0.551060400903225,1.102795877727658e-06,0.00027315487022860907,0.06593208014965057,7
0.891387015581131,0.6011627092957497,1.1641000128292944e-06,0.00028196695620863466,0.14992144890129566,0.8848880231380463,0.5603392273187637,1.1318522155079336e-06,0.0002789582540572155,0.0379905104637146,8
0.8912175837904215,0.5993414800614119,1.1549346705663766e-06,0.00028113779717386933,0.14845741353929043,0.8903301283717155,0.578201025724411,1.0060498212283164e-06,0.0003128469797957223,-0.10240332782268524,9
0.8916872777044773,0.601402971893549,1.1588505248738556e-06,0.0002813879432324029,0.14644011110067368,0.8805368989706039,0.5405766442418098,1.0849655822653403e-06,0.00027242225041845813,0.07790856063365936,10
0.891515901312232,0.600568562746048,1.1468144212045672e-06,0.00028061779903509887,0.14897826127707958,0.8856633231043816,0.5663245990872383,1.0559492693573702e-06,0.00028647742510656826,0.1261214315891266,11
0.891826257109642,0.600619787350297,1.1463790308141597e-06,0.00028040834604325937,0.14911270514130592,0.8846037834882736,0.5778024941682816,1.0922260997858757e-06,0.0002748103943304159,0.1189766451716423,12
0.8911780472844839,0.599052432924509,1.1409091289493745e-06,0.0002795842365230783,0.14724805392324924,0.8911764994263649,0.576982669532299,1.083715730487711e-06,0.00027505234902491793,0.13381194323301315,0
0.8916561175137758,0.6017366964370012,1.139197468802422e-06,0.0002793160260807781,0.15231027640402317,0.8730861246585846,0.5211742743849754,1.0281199820383335e-06,0.0003056530040339567,-0.08725810050964355,1
0.891655532643199,0.5990699771791697,1.1329767355405806e-06,0.00027872642431248096,0.14893787913024426,0.8898432925343513,0.582920528948307,1.0878322243002003e-06,0.0002786465593089815,0.12438438087701797,2
0.8909581825137138,0.5996598433703184,1.1775770616395675e-06,0.00028226289850863395,0.14751902595162392,0.8925865963101387,0.5834759473800659,1.018208863001746e-06,0.0002794209176499862,0.04574054479598999,0
0.8918435852974653,0.6011196710169315,1.1593399857900977e-06,0.0002817818090079527,0.15049696899950504,0.8880703449249268,0.5835585668683052,1.078990656822043e-06,0.0002712772438826505,0.13902941346168518,1
0.8914819825440645,0.6002284605056047,1.1459431288329824e-06,0.0002801515156534151,0.14808676578104496,0.8873649761080742,0.5757517442107201,1.067391515618965e-06,0.0002736828464549035,0.1435665711760521,2
0.8915543239563704,0.6013004388660192,1.143242004175704e-06,0.0002799430499180744,0.14754167012870312,0.8877497389912605,0.5612894594669342,1.0571344049026266e-06,0.00026904417427431326,0.09782307595014572,3
0.8912082966417074,0.5995586011558771,1.1419768668474717e-06,0.00027979548622170114,0.14864120446145535,0.8885134607553482,0.5713818669319153,1.130579093455708e-06,0.0002770752653304953,0.04644913971424103,4
0.8917142152786255,0.6009759251028299,1.1551405254550673e-06,0.00028139322239439934,0.14493541605770588,0.8843653202056885,0.5616624057292938,1.028346922282708e-06,0.0002737009235715959,0.044827207922935486,5
0.8913877680897713,0.600669214501977,1.141757682177058e-06,0.00027995167874905746,0.14739306271076202,0.8761330470442772,0.5188911035656929,1.0043763722933363e-06,0.0003209819296898786,-0.323187455534935,6
0.8916495610028505,0.6005193013697863,1.1412754474804387e-06,0.00027963969887423445,0.14642652496695518,0.8865270465612411,0.5528847575187683,1.099960172723513e-06,0.0002703183199628256,0.11924691498279572,7
0.8913792110979557,0.6011585704982281,1.1595765077032638e-06,0.0002819105084199691,0.14619991183280945,0.8579609468579292,0.561420127749443,1.1462650277849207e-06,0.00028382619348121807,-0.019007951021194458,8
0.8916063271462917,0.6013770364224911,1.1392721095404568e-06,0.00027949103650826146,0.14741220325231552,0.8839385136961937,0.5753070041537285,1.0608098577336023e-06,0.00028027162261423655,0.13735197484493256,9
0.8917168285697699,0.6014752127230167,1.2125965760390045e-06,0.0002844714508682955,0.14988835528492928,0.8795440122485161,0.5464937314391136,1.1005891380477806e-06,0.00028163889510324225,0.09509787708520889,10
0.8915488962084055,0.6013606637716293,1.1381138484978237e-06,0.0002797821070998907,0.14973621629178524,0.8863020986318588,0.571275383234024,9.941130301172052e-07,0.0003423274429223966,-0.22880251705646515,11
0.8916684202849865,0.5997836068272591,1.1476516412756155e-06,0.0002806508805406338,0.1476785484701395,0.8873443007469177,0.5674546509981155,1.1222468003779795e-06,0.0002757155270955991,0.06883466988801956,12
0.8916220460087061,0.5996437165886164,1.1403582877989038e-06,0.0002800643155751459,0.14848546124994755,0.8870401531457901,0.578533336520195,1.1247288256299726e-06,0.0002777652407530695,0.049744024872779846,13
0.8915263507515192,0.6003875602036715,1.1549470677607587e-06,0.00028138522520748666,0.14905587024986744,0.8842717409133911,0.5616536140441895,1.068094903189376e-06,0.00029117152371327393,0.10811303555965424,14
0.891693290323019,0.6006836779415607,1.1438938969376977e-06,0.0002799864651024109,0.14727016165852547,0.8763022795319557,0.5567018166184425,1.0536269172689572e-06,0.0002974962117150426,0.06598176062107086,15
0.8918109033256769,0.6015093363821507,1.1622475533101806e-06,0.00028156933967693476,0.14682114124298096,0.8815665990114212,0.5378089398145676,1.0033514215024297e-06,0.00029973333948873915,-0.234418585896492,16
0.8916264437139034,0.6011287793517113,1.1586460253454334e-06,0.00028186421059217537,0.14594940654933453,0.8870142474770546,0.5882124230265617,1.064783177184836e-06,0.00027930925352848135,0.13255678862333298,17
0.8920314628630877,0.6012624967843294,1.1714222871717084e-06,0.00028156121879874263,0.14846310578286648,0.8826989158987999,0.5568811446428299,1.0064718409807938e-06,0.00039056038804119453,-0.692412257194519,18
0.8907525669783354,0.5950512252748013,1.1459513693523604e-06,0.00028125568314862903,0.1481628082692623,0.8825945779681206,0.5457117855548859,1.14061722911174e-06,0.0002784623357001692,0.014293305575847626,19
0.8906544428318739,0.5973854325711727,1.1484805089168049e-06,0.0002806944326039229,0.14612118527293205,0.8902050629258156,0.5710993185639381,1.0898505706791184e-06,0.0002676302956388099,0.12678262591362,20
0.891458185389638,0.5996193494647741,1.1479306643025211e-06,0.00028028880933561595,0.14985081180930138,0.8874684423208237,0.5744822770357132,1.0818990574534837e-06,0.00027363384651835077,0.13616637140512466,21
0.8919411525130272,0.6011087149381638,1.1585322887697203e-06,0.0002812802795233438,0.14334305562078953,0.8786939531564713,0.5657580494880676,1.1314267496231878e-06,0.0002812747552525252,0.024411417543888092,22
0.8913659062236547,0.5998153891414404,1.1845165772683686e-06,0.0002829537224897649,0.14684557355940342,0.8858732804656029,0.5647319778800011,9.990102256551836e-07,0.00028647352883126587,-0.017477460205554962,23
0.8918147124350071,0.6009651962667704,1.1510851933849153e-06,0.00028098290704292594,0.1481420397758484,0.8850763738155365,0.5519452318549156,1.0497024618416617e-06,0.00027633884747046977,0.058600038290023804,24
0.8920355215668678,0.6012078002095222,1.1406042617068124e-06,0.00027990128046440077,0.14826782047748566,0.8357466012239456,0.5354105457663536,1.158593292416299e-06,0.0002848943695425987,-0.06575135886669159,25
0.8918507844209671,0.5999978017061949,1.1597980655864149e-06,0.00028182472169646644,0.14840169809758663,0.8776272982358932,0.5117230117321014,1.0266562213701036e-06,0.0002796200969896745,-0.06754164397716522,26
0.8921322394162416,0.6017756313085556,1.1548112741621708e-06,0.00028039393055223627,0.1464617382735014,0.8930811583995819,0.5898192599415779,1.084932414130435e-06,0.0002748843908193521,0.1336798220872879,0
0.8916444424539804,0.5997711010277271,1.150870751587263e-06,0.0002807301652865135,0.14696192182600498,0.8777953311800957,0.5745389685034752,1.0856197647513e-06,0.00028840534650953487,0.1023305281996727,1
0.8911973144859076,0.5918392408639193,1.1415832563699269e-06,0.0002798551781779679,0.14805499836802483,0.8821424171328545,0.5351056829094887,1.112509877998491e-06,0.0002758901609922759,0.08847644180059433,2
0.8902860451489687,0.5879727657884359,1.150308531094879e-06,0.00028165695403004065,0.14694619551301003,0.8831796497106552,0.5255095139145851,1.1143308000782781e-06,0.0002724519254115876,0.0892145186662674,3
0.8906792849302292,0.5902036894112825,1.1841915714683182e-06,0.00028396874859026866,0.1495217029005289,0.8858018070459366,0.5502288416028023,1.0833392565245958e-06,0.00027196333030587994,0.1373404711484909,4
0.891454566270113,0.5926721151918173,1.1397196661988573e-06,0.00027992589957648306,0.1466659102588892,0.8844253718852997,0.5427034944295883,1.1382961346839693e-06,0.0002791426522890106,0.02146138995885849,5
0.8908549044281244,0.5917741600424051,1.1540587667724367e-06,0.0002815728125824535,0.1487382836639881,0.8841838985681534,0.5545412003993988,9.899894024556488e-07,0.00035985825161333196,-0.5010283142328262,6
0.8913414645940065,0.5929133165627718,1.1434185367420469e-06,0.0002806676156978938,0.14911965653300285,0.881058506667614,0.5249800905585289,1.1570476061706358e-06,0.0002825910778483376,-0.04875698685646057,7
0.8908122889697552,0.5921275578439236,1.1532500288069514e-06,0.00028162312764834496,0.14519997499883175,0.8757634609937668,0.5014487653970718,1.1329144271599034e-06,0.00027723373568733223,0.03675796836614609,8
0.891209477558732,0.5934298727661371,1.1597191758028202e-06,0.0002813025639625266,0.14692556485533714,0.8823174610733986,0.5476667508482933,1.089477706273101e-06,0.0002814039071381558,0.12007610499858856,9
0.8913825303316116,0.5944832880049944,1.14294746822452e-06,0.00028080580705136526,0.1470724232494831,0.8755726963281631,0.5354159027338028,1.0873073676975764e-06,0.0005617484712274745,-2.046258330345154,10
0.8902515079826117,0.5916928220540285,1.1927312044690552e-06,0.00028282419953029603,0.14485756121575832,0.8805468305945396,0.5499820485711098,1.058257709019017e-06,0.00028345088139758445,0.13582374900579453,11
0.8911669552326202,0.5924123469740152,1.1515263516059804e-06,0.0002814013987517683,0.14753451012074947,0.8826910331845284,0.5358933955430984,1.0272650285969576e-06,0.00029250653824419715,0.0648500919342041,12
0.8908208068460226,0.5921689104288816,1.1463919502574527e-06,0.0002809342895488953,0.14769719168543816,0.8765141665935516,0.5081062316894531,1.0213966348260328e-06,0.000274327838269528,0.041123077273368835,13
0.8911379687488079,0.5931358989328146,1.1474161425439888e-06,0.00028088726776331896,0.1491051595658064,0.8728843778371811,0.5472527518868446,9.897414443571506e-07,0.00038748488077544607,-0.9160121828317642,14
0.8910118713974953,0.5934755224734545,1.1399459669547696e-06,0.0002803529746415734,0.1485023833811283,0.8872381895780563,0.5538733527064323,1.0559579166624644e-06,0.00029734116833424196,0.07051242142915726,15
0.8900545183569193,0.59080545976758,1.1400538841854768e-06,0.0002802100998451351,0.1470888238400221,0.8841480165719986,0.5673942193388939,1.153458306646371e-06,0.00028276792727410793,-0.032182469964027405,16
0.8912093620747328,0.5928470194339752,1.1524987879596438e-06,0.00028106492891311063,0.14720666781067848,0.8891728594899178,0.5738468766212463,1.1186370869609163e-06,0.00027245134879194666,0.07466425746679306,17
0.8913665320724249,0.5944286063313484,1.1585766515054274e-06,0.0002817979038809426,0.14794139564037323,0.8852767571806908,0.5416995659470558,1.1548815948003721e-06,0.0002821412454068195,-0.033459171652793884,18
0.891622444614768,0.5946785993874073,1.146705496779532e-06,0.0002811499361996539,0.14814464002847672,0.8911036178469658,0.5762830078601837,1.1005342983594346e-06,0.00026936136055155657,0.12099814414978027,19
0.8903426770120859,0.5916186422109604,1.1633792240672847e-06,0.0002831717947628931,0.14217006787657738,0.8864333555102348,0.5680995136499405,1.0933829486248214e-06,0.0002767223304545041,0.1230396255850792,20
0.8909108135849237,0.5932378955185413,1.1596287876614042e-06,0.000282008363683417,0.14643074572086334,0.8734079822897911,0.5076384544372559,1.1618603252827597e-06,0.0002852474499377422,-0.05772055685520172,21
0.8913706559687853,0.5941191725432873,1.147809880919226e-06,0.00028040622873959364,0.14754443429410458,0.8744812831282616,0.5259379297494888,9.897683597159812e-07,0.0003368536272319034,-0.3931994289159775,22
0.8912671934813261,0.5937452502548695,1.1487698206025243e-06,0.00028072311488358537,0.14756704680621624,0.8786911591887474,0.5235393270850182,1.1534853641137488e-06,0.000283209745248314,-0.03194586932659149,23
0.8912699650973082,0.5944168213754892,1.1547865668148916e-06,0.00028152038521511713,0.1493450179696083,0.8804990649223328,0.5287160947918892,1.1220506621612003e-06,0.0002740598647505976,0.07561714947223663,24
0.8915318194776773,0.5943890362977982,1.1560913932839867e-06,0.00028105925775889773,0.14407395012676716,0.8828100487589836,0.575680635869503,1.05692790697276e-06,0.0002747960388660431,0.1260288804769516,25
0.8913820143789053,0.5942696370184422,1.1386250040601453e-06,0.00027908002493859385,0.15037736296653748,0.8855761736631393,0.5529191941022873,1.024869604293599e-06,0.0002866329705284443,0.0646081268787384,26
0.8914178311824799,0.5941459331661463,1.1394933405739494e-06,0.000279934723948827,0.1482707727700472,0.8885158523917198,0.5709041506052017,9.921806949364509e-07,0.00029672567325178534,-0.11268380284309387,27
0.8905935045331717,0.5938015710562468,1.1614515997848684e-06,0.00028255766210349975,0.14837979339063168,0.8769946396350861,0.513995811343193,1.101949266058e-06,0.0002930694281531032,0.08124317228794098,28
0.8910285886377096,0.5930843576788902,1.1703796953810297e-06,0.00028339755635897745,0.1456476543098688,0.8749883323907852,0.5274260640144348,1.1690676871012329e-06,0.0002874977399187628,-0.09289483726024628,29
0.8907080870121717,0.5919168908149004,1.1465117513154155e-06,0.00028114816359448014,0.14686749130487442,0.879388689994812,0.5303561761975288,1.0932379552741622e-06,0.00026987597630068194,0.09416957944631577,30
0.8911785818636417,0.5942067038267851,1.1397540760071934e-06,0.0002799986646095931,0.1475384458899498,0.8802672922611237,0.5287908613681793,9.99822646008397e-07,0.00036846903822151944,-0.7732424139976501,31
0.8913593366742134,0.5934743843972683,1.167016732139814e-06,0.00028239773882887675,0.14917216263711452,0.8836660459637642,0.5450997650623322,1.0945039647936028e-06,0.0002787925986922346,0.1182752326130867,32
0.8912666477262974,0.5942613054066896,1.1600165930047979e-06,0.00028196150833537104,0.14504269883036613,0.8789737150073051,0.5551032423973083,1.0676459964997775e-06,0.0002729770312726032,0.12428648769855499,33
0.8908910937607288,0.5935380887240171,1.1438194178481353e-06,0.00028012855455017416,0.1469873134046793,0.8810124322772026,0.5178379863500595,1.1302107196797806e-06,0.000277764062047936,0.04914332926273346,34
0.8918299227952957,0.5956322941929102,1.160032253366694e-06,0.00028017000840918627,0.14814035035669804,0.8857843950390816,0.5742300748825073,1.1333816303249478e-06,0.00028240027313586324,0.02363436669111252,35
0.8913732580840588,0.5944485031068325,1.1554388610335309e-06,0.00028160743931948673,0.14573987945914268,0.8923062533140182,0.5871591344475746,1.074995076066898e-06,0.00026983770658262074,0.1453544870018959,36
0.8912923373281956,0.5933629218488932,1.1509324995273573e-06,0.00028075081172573846,0.14763408340513706,0.8899127691984177,0.5707614421844482,1.1155752090985516e-06,0.00027653817232931033,0.08168090134859085,37
0.8910751547664404,0.5929669793695211,1.1455034627516625e-06,0.0002803331462928327,0.1474016085267067,0.8781957179307938,0.5325504764914513,9.92563684576453e-07,0.0003206569526810199,-0.23283706605434418,38
0.8914158307015896,0.5944973416626453,1.1731955016358597e-06,0.00028195921277074376,0.14874210953712463,0.8844742327928543,0.5715724751353264,1.0793120921448462e-06,0.00027338919244357385,0.13359664380550385,39
0.8911212906241417,0.593686431646347,1.160674420574992e-06,0.0002823245963554655,0.14671002700924873,0.8714398816227913,0.49028322100639343,1.0312497025211087e-06,0.0002730005726334639,0.011619895696640015,40
0.8915662653744221,0.5943258684128523,1.158978262694177e-06,0.0002820310342031007,0.14475269988179207,0.8831990659236908,0.5566393360495567,1.1011431837459895e-06,0.0002829452969308477,0.09379380196332932,41
0.8911333382129669,0.5923564713448286,1.1678268290182814e-06,0.00028128010853833985,0.14828427135944366,0.884956568479538,0.5563817918300629,1.0934727612266215e-06,0.00027897324980585836,0.11416030675172806,42
0.8915674109011889,0.5928165577352047,1.1363255589813548e-06,0.00027923605784963,0.14897684380412102,0.8812097460031509,0.5343781635165215,1.1223942095739403e-06,0.0002779321439447813,0.06586313992738724,43
0.8910863697528839,0.5934458654373884,1.1461100992704587e-06,0.00028104921238991665,0.14922354370355606,0.8808970078825951,0.5382810682058334,1.1396362253890402e-06,0.0002778464295261074,0.011062584817409515,44
0.8905132506042719,0.59099892526865,1.1554885741560383e-06,0.0002824775610861252,0.14336677268147469,0.8691326454281807,0.5099930316209793,1.018956517384595e-06,0.0003122182570223231,-0.19577452540397644,45
0.8906909134238958,0.5913026314228773,1.1440961582565023e-06,0.0002804921973620367,0.14442721381783485,0.8796878084540367,0.5438677072525024,1.090268185066634e-06,0.0002865090355044231,0.10181060433387756,46
0.8912011496722698,0.5930447410792112,1.1435782347746226e-06,0.0002804439977808215,0.15053307637572289,0.8846634849905968,0.5480546206235886,1.1296617543621323e-06,0.0002780905197141692,0.046032294631004333,47
0.8914935365319252,0.5927521362900734,1.1405690063526208e-06,0.00027961258274444845,0.14860029518604279,0.884111613035202,0.546365849673748,1.0893636712694388e-06,0.00028013378687319346,0.12244798988103867,48
0.8914936035871506,0.5927705727517605,1.1474120658050424e-06,0.0002806951160891913,0.14866358786821365,0.8853733092546463,0.5346057415008545,1.116102858134127e-06,0.000273515146545833,0.0856405645608902,49
0.8913594186306,0.5939686596393585,1.1393382113311645e-06,0.00027985030101262964,0.14581857807934284,0.8887057676911354,0.5849451273679733,1.131783633923078e-06,0.00027815225257654674,0.03869052976369858,50
0.8911956902593374,0.5941508412361145,1.1593854463143316e-06,0.0002820508025251911,0.1464470960199833,0.8808202296495438,0.5769013911485672,1.0298709156586483e-06,0.000291058502625674,0.04802418500185013,51
0.8912108633667231,0.5930837281048298,1.148837107223244e-06,0.0002809443894875585,0.1448619868606329,0.885483406484127,0.5560998469591141,1.1319692276856586e-06,0.00027693965603248216,0.04174129664897919,52
0.8909590672701597,0.5925256423652172,1.1487956346201145e-06,0.0002815264770106296,0.1481007430702448,0.8774784877896309,0.5360466837882996,1.0000506165397383e-06,0.0002983135636895895,-0.1209389716386795,53
0.8912236429750919,0.5928516741842031,1.1584343830861599e-06,0.0002821803022925451,0.14810834266245365,0.880405105650425,0.5320143029093742,1.1420722785260295e-06,0.0002797442357405089,-0.0054695457220077515,54
0.8913772720843554,0.5936886984854937,1.1514242466148517e-06,0.0002815309935613186,0.1496958751231432,0.8752236440777779,0.5009501241147518,1.0173987234907145e-06,0.0002761940340860747,-0.02627885341644287,55
0.8913821298629045,0.5922839920967817,1.1537812287798488e-06,0.00028148339470135397,0.14778684452176094,0.8906022310256958,0.5728621855378151,9.928932200864438e-07,0.0003198425838490948,-0.1609739363193512,56
0.8914559688419104,0.5939220078289509,1.1581749657096907e-06,0.00028177908552606823,0.1460658684372902,0.8778596892952919,0.5089429169893265,9.935168705510478e-07,0.00031370379656436853,-0.3551597595214844,57
0.8912205267697573,0.5927752964198589,1.170689227336652e-06,0.00028197362917126156,0.1466487403959036,0.8865369409322739,0.5635348185896873,1.1028562241222062e-06,0.0002763941083685495,0.10157396644353867,58
0.891092948615551,0.5935801714658737,1.1509921069574602e-06,0.000281136907688051,0.14728067256510258,0.8894593268632889,0.5719258263707161,9.925154458301222e-07,0.0003014311478182208,-0.1845908910036087,59
0.8916063886135817,0.593983257189393,1.1645794888437422e-06,0.0002822706960614596,0.146991902962327,0.8817218542098999,0.5480862259864807,1.01012967945735e-06,0.00039728626870783046,-0.8750242292881012,60
0.8913453444838524,0.5924874041229486,1.1384779892154029e-06,0.0002801734322019911,0.14480418525636196,0.8693896904587746,0.5009861625730991,1.1667616774957423e-06,0.00028506848684628494,-0.07541786134243011,61
0.8915741518139839,0.5943012740463018,1.1430136801493518e-06,0.0002803682491503423,0.1456625983119011,0.8701480403542519,0.5014840289950371,1.159299699793337e-06,0.00028499175823526457,-0.05915313959121704,62
0.8912398274987936,0.5925664454698563,1.1516355993279603e-06,0.0002819304054355598,0.14767399057745934,0.8844943270087242,0.5411266684532166,9.835488299358985e-07,0.0003330540712340735,-0.577807143330574,63
0.8910002503544092,0.5920839048922062,1.147809197021843e-06,0.0002805102244565205,0.14780861325562,0.8899574801325798,0.5774450823664665,1.1341461174652068e-06,0.0002792824598145671,0.03208662569522858,64
0.8917758613824844,0.5934074595570564,1.147026758019365e-06,0.00028019432556902757,0.14913547970354557,0.8835684582591057,0.5709478706121445,1.1318235806356824e-06,0.0002804384093906265,0.02961018681526184,65
0.8909535799175501,0.5919784810394049,1.168184338595779e-06,0.00028270253551454516,0.14684981107711792,0.8714316263794899,0.5074556544423103,1.1153765697713425e-06,0.00027445596424513496,0.08734786510467529,66
0.891164580360055,0.5930035430938005,1.1519476874610746e-06,0.0002816639089360251,0.14493821002542973,0.8780583515763283,0.5600440129637718,1.0332167406090775e-06,0.00028906985608045943,0.08648151904344559,67
0.8915370721369982,0.5939137544482946,1.1519580755958714e-06,0.00028163577553641517,0.1478560660034418,0.881894662976265,0.5285399109125137,1.0893408983747577e-06,0.00027043898808187805,0.09375641494989395,68
0.8912657871842384,0.5943587031215429,1.1823436718572111e-06,0.0002846987222255848,0.14611235074698925,0.8900504633784294,0.5851678103208542,9.950313923923204e-07,0.0003375541382411029,-0.4834752231836319,69
0.8910706751048565,0.5919340271502733,1.1606329515245761e-06,0.00028253534128452884,0.1407205779105425,0.8815038055181503,0.5448400527238846,1.0933458796102968e-06,0.0002846474417310674,0.1039653792977333,70
0.8916060365736485,0.5937033034861088,1.1492568585680374e-06,0.00028085288704460254,0.14905759133398533,0.8678956627845764,0.47746703773736954,1.077795033666007e-06,0.0002738322800723836,0.1222216933965683,71
0.8915486726909876,0.5922791324555874,1.1478764641026373e-06,0.0002815917900989007,0.14705627970397472,0.8788803145289421,0.5280069783329964,1.1441610681117709e-06,0.00028208119329065084,-0.01088029146194458,72
0.8909167386591434,0.5921692419797182,1.1437047611195794e-06,0.00028035234527123976,0.14645331725478172,0.8834272101521492,0.5524578839540482,9.96104347450455e-07,0.0003273443471698556,-0.2257542461156845,73
0.8916361723095179,0.5931355375796556,1.1558573298486863e-06,0.00028118577574787196,0.14984300546348095,0.8876404613256454,0.570789135992527,1.0329053168334212e-06,0.00027377907099435106,0.06812223047018051,74
0.8914219290018082,0.5922390539199114,1.1469673264485891e-06,0.00028063803483746597,0.14452145993709564,0.8909003138542175,0.5731295272707939,1.1170991740527825e-06,0.00027631481862044893,0.07151307165622711,75
0.892006428912282,0.5942132100462914,1.1482641166793428e-06,0.0002808109547913773,0.14963524788618088,0.8837522938847542,0.5482260435819626,1.1127042185421487e-06,0.0002786936347547453,0.07060648500919342,76
0.891169972717762,0.5929490439593792,1.1645266511095542e-06,0.0002810561636579223,0.1453061532229185,0.8841759786009789,0.5692934989929199,1.0818560340908334e-06,0.00028332605870673433,0.10462302714586258,77
0.891836628317833,0.5941759739071131,1.1699297992606716e-06,0.00028086209613320534,0.1483361106365919,0.8665488734841347,0.49823494628071785,1.1191113244990447e-06,0.0002758496302703861,0.023241810500621796,78
0.8914541900157928,0.5937345363199711,1.149379107445725e-06,0.0002810636433423497,0.14761430583894253,0.8802413046360016,0.5157176330685616,9.88152770275974e-07,0.000316729649057379,-0.3284023553133011,79
0.8917941711843014,0.593942429870367,1.1442797127614313e-06,0.0002799574322125409,0.15017645806074142,0.8867742642760277,0.5879649594426155,1.0633097247136902e-06,0.00027003464310837444,0.14712223410606384,80
0.8914513997733593,0.5933771058917046,1.1525956189473163e-06,0.0002821701300490531,0.14515554532408714,0.8834515064954758,0.5492568537592888,1.1645514916835964e-06,0.0002846268798748497,-0.06701554358005524,81
0.8902069851756096,0.5900865104049444,1.141379195601644e-06,0.00028094663639421924,0.14382975175976753,0.8852977082133293,0.5458450093865395,9.996122685151931e-07,0.000304473902360769,-0.19576941430568695,82
0.8915122542530298,0.5911812428385019,1.1443231233698725e-06,0.0002807018336170586,0.14736497215926647,0.8852257132530212,0.5422523021697998,1.1221023328289448e-06,0.0002755490568233654,0.06787116825580597,83
0.8911909405142069,0.5921975485980511,1.1434049778102917e-06,0.0002810481369124318,0.1485485639423132,0.875353030860424,0.5316682606935501,9.938871414760797e-07,0.00032402522629126906,-0.507803350687027,84
0.8909893520176411,0.5908575486391783,1.1445218550676373e-06,0.0002807312180266308,0.14648398756980896,0.8637251332402229,0.540215402841568,9.943622814034825e-07,0.00030518612766172737,-0.2632671296596527,85
0.8921094294637442,0.5940279420465231,1.1429744475321968e-06,0.00027973577516604564,0.1478148065507412,0.8889959007501602,0.5726387798786163,1.1309387843994045e-06,0.0002782466071948875,0.03789716213941574,86
0.8917107619345188,0.5934964418411255,1.1358343767753354e-06,0.00027924043706661905,0.1482881624251604,0.88630261272192,0.5513861402869225,1.13994535411166e-06,0.0002789454083540477,0.01554388552904129,87
0.8918052278459072,0.5933995880186558,1.141691903683295e-06,0.00027976732826573425,0.1496391911059618,0.8792314231395721,0.5532052665948868,1.1341054602098666e-06,0.0002771908220893238,0.03918483108282089,88
0.8912614583969116,0.5923403799533844,1.1532844705897105e-06,0.0002815411730807682,0.14720025286078453,0.8867726027965546,0.5545643419027328,9.811199603859677e-07,0.0003331929983687587,-0.4999985843896866,89
0.8918020073324442,0.5938284080475569,1.1509268755816038e-06,0.0002811337994899077,0.1479667481034994,0.8784302100539207,0.5178414359688759,1.1600983214066218e-06,0.0002857172003132291,-0.05650022625923157,90
0.8915100358426571,0.592925475910306,1.1426904311662156e-06,0.0002803976572067768,0.14601912908256054,0.8728553205728531,0.5075131431221962,1.0104285692591475e-06,0.0003677466193039436,-0.5073598623275757,91
0.8907432816922665,0.5910621285438538,1.1551475278537282e-06,0.00028193841399115627,0.14590209536254406,0.8886530697345734,0.583053283393383,1.1049215729030948e-06,0.0002754348242888227,0.09088311344385147,92
0.8916577957570553,0.5923963114619255,1.1556858865446884e-06,0.0002821285142999841,0.14780567772686481,0.8853892683982849,0.5649920105934143,1.1351426039141188e-06,0.0002782846895570401,0.027931369841098785,93
0.8914678432047367,0.5925410743802786,1.1520338105697192e-06,0.0002811880967783509,0.14596233516931534,0.8715626895427704,0.5002799294888973,1.1261407451002015e-06,0.0002810352962114848,0.04638845473527908,94
0.891734816133976,0.5929848272353411,1.1512674475966378e-06,0.0002812270090544189,0.1485906671732664,0.8903124779462814,0.5775210931897163,9.925008299660476e-07,0.0002938825491582975,-0.1806410700082779,95
0.8918154388666153,0.5936646070331335,1.1464757605494924e-06,0.00027985435826849425,0.146802993491292,0.8762612864375114,0.522889606654644,1.0748836771767856e-06,0.00026947425976686645,0.1224355697631836,96
0.8913839720189571,0.5926442854106426,1.1402352946277006e-06,0.000279940664768219,0.14578267000615597,0.8667147904634476,0.4655204378068447,1.0699486026055638e-06,0.00027350748860044405,0.12903361022472382,97
0.8917595949023962,0.5931957475841045,1.1317051544779133e-06,0.00027860919044542243,0.14824721962213516,0.8863406777381897,0.5751772820949554,1.139331978095015e-06,0.0002832532591128256,0.004519641399383545,98
0.888702180236578,0.5858926177024841,1.1696265769245429e-06,0.0002827644775607041,0.14403942041099072,0.8835456147789955,0.5538464784622192,1.110490778444273e-06,0.0002812354141497053,0.07438401877880096,99
0.8913889713585377,0.5918474141508341,1.1767104926008187e-06,0.00028145576015958795,0.14762235060334206,0.8715207278728485,0.4966018535196781,1.0311599893952916e-06,0.00027428205066826195,0.0784229189157486,100
0.8917174972593784,0.5918866824358702,1.1522766811822294e-06,0.00028131155977462186,0.14877629093825817,0.884192667901516,0.5505271628499031,1.0269822681152618e-06,0.00026739285749499686,0.0958414077758789,101
0.8919697962701321,0.5942118037492037,1.169941098666527e-06,0.0002813245887409721,0.1486693024635315,0.885317750275135,0.543880321085453,1.0787506425913307e-06,0.0002720764678088017,0.12953629344701767,102
0.8918069414794445,0.5936879552900791,1.1468601233133313e-06,0.0002810927289829124,0.14840765669941902,0.8882272616028786,0.5578578859567642,9.887122516261115e-07,0.0003022706659976393,-0.2717446982860565,103
0.8916777521371841,0.5933996830135584,1.1488491615807561e-06,0.00028107264915888663,0.14797129482030869,0.876958929002285,0.5062585473060608,1.0167731119281598e-06,0.0002778217058221344,0.024175643920898438,104
0.8911914303898811,0.5927022770047188,1.141641192248244e-06,0.00027999523081234656,0.14732178300619125,0.8886625617742538,0.5746286436915398,1.0994044004064563e-06,0.0002779351198114455,0.09664888679981232,105
0.8909436613321304,0.592761168256402,1.1513473445745603e-06,0.00028117439342167927,0.14391601644456387,0.8550950661301613,0.4987352415919304,1.1536095456676776e-06,0.0002863142544811126,-0.03220371901988983,106
0.8918329998850822,0.5932346917688847,1.145810392344515e-06,0.0002810306345963909,0.14876826293766499,0.8819030448794365,0.5308999940752983,1.046613938626706e-06,0.00026739876193460077,0.10051872581243515,107
0.8911506608128548,0.5921412315219641,1.163166754025724e-06,0.00028129704696766566,0.14596419967710972,0.8808641955256462,0.5513243451714516,1.0094703881691203e-06,0.00039411778561770916,-0.4989333003759384,108
0.8915094900876284,0.5922885537147522,1.1391718715003663e-06,0.0002798062928377476,0.14578952267766,0.8861922025680542,0.5564826056361198,1.1051356310076699e-06,0.0002815912594087422,0.08786910027265549,109
0.8916631769388914,0.592433912679553,1.164401004061233e-06,0.00028248127819097135,0.149881886318326,0.8837761729955673,0.5577874854207039,1.0518473203546819e-06,0.0002735601010499522,0.13671137392520905,110
0.8918901309370995,0.5932527277618647,1.157042239796624e-06,0.0002818536754602974,0.14838001690804958,0.8796150386333466,0.5445124804973602,1.0088407975672453e-06,0.00028947344617336057,-0.08956047892570496,111
0.889755928888917,0.588004233315587,1.1354417868147948e-06,0.0002799331878122757,0.14074821397662163,0.8770458996295929,0.5266457796096802,1.0065224387290073e-06,0.0003733334378921427,-0.5882207900285721,112
0.8908912055194378,0.59122309461236,1.1544610813984946e-06,0.0002812422289935057,0.14917419850826263,0.8862980455160141,0.558009959757328,1.094762396292026e-06,0.0002821822199621238,0.1082850843667984,113
0.8918816708028316,0.5927646793425083,1.1369983603515266e-06,0.0002797693000502477,0.14870709739625454,0.8870254158973694,0.5770996138453484,1.053958875729677e-06,0.0002689980301511241,0.10013482719659805,114
0.891353840008378,0.5917007960379124,1.1511572974853834e-06,0.0002817592398969282,0.1442544274032116,0.8823261708021164,0.5486761406064034,1.1554298211535752e-06,0.0002818513130478095,-0.03238534927368164,115
0.8912681993097067,0.5926136393100023,1.1383925055952204e-06,0.000279974888144352,0.14668472856283188,0.8884101584553719,0.565176397562027,1.0293146672779585e-06,0.00027277601475361735,0.03912478685379028,116
0.8921360988169909,0.5936179328709841,1.1532718708906486e-06,0.0002814488311742025,0.1491287648677826,0.8788643106818199,0.5337273627519608,1.0053399179810185e-06,0.000376327101548668,-1.2323524951934814,117
0.8918105456978083,0.5934554915875196,1.1493044205224123e-06,0.0002811813114931283,0.1466408297419548,0.8820011913776398,0.5285972729325294,9.95480142762517e-07,0.00037903971679043025,-0.9563099592924118,118
0.8917237613350153,0.5928460564464331,1.1640501469400988e-06,0.00028220513831911376,0.14802824147045612,0.8896513804793358,0.5731325671076775,1.0642549597150719e-06,0.0002685164890863234,0.12459152936935425,119
0.8918571583926678,0.5931389052420855,1.1398953656538424e-06,0.00027993923913527397,0.14710595458745956,0.8740457221865654,0.5272436887025833,1.0049368981412954e-06,0.000337496730935527,-0.4665447324514389,120
0.891501547768712,0.592917799949646,1.1562576904822208e-06,0.00028174454246254754,0.14731544256210327,0.8645539060235023,0.5103500857949257,1.1416962806265474e-06,0.0002798623281705659,-0.03864595293998718,121
0.8915066737681627,0.5927029550075531,1.21280378273525e-06,0.0002828048327501165,0.14817860163748264,0.8889416754245758,0.5775958523154259,1.1247230489175308e-06,0.0002786933400784619,0.04665658622980118,122
0.8917699549347162,0.5937000401318073,1.135818083142226e-06,0.0002792907580442261,0.1478999089449644,0.8871033266186714,0.5644182041287422,1.023818796852538e-06,0.00028079152980353683,0.04854448884725571,123
0.8916711434721947,0.5941562745720148,1.1779236945841376e-06,0.0002824553057507728,0.14528843574225903,0.8797561451792717,0.544870600104332,1.0120143087988254e-06,0.0003976509215135593,-0.8607227057218552,124
0.8912201952189207,0.5927193816751242,1.1365546352948286e-06,0.00027949459672527155,0.14673364721238613,0.8738676384091377,0.5226681679487228,1.003979548386269e-06,0.00032652241134201176,-0.3620925396680832,125
0.8919448032975197,0.593064446002245,1.1471485379388469e-06,0.0002805352614814183,0.14865164645016193,0.8828229382634163,0.5346327498555183,9.86536704772334e-07,0.00032246768023469485,-0.39893171191215515,126
0.8894344754517078,0.5922694969922304,1.1851318699740432e-06,0.000283626069631282,0.14038975909352303,0.8705897405743599,0.5609260201454163,1.157182225597353e-06,0.0002826872805599123,-0.04208700358867645,127
0.8912972193211317,0.5959483627229929,1.1720752937094403e-06,0.00028303633553150576,0.14510871097445488,0.8657468631863594,0.5594661310315132,1.0629632498648789e-06,0.00028751684294547886,0.0733976885676384,128
0.8909799847751856,0.5940617881715298,1.1419175045546126e-06,0.0002803270945150871,0.1444949209690094,0.8750084936618805,0.5057367756962776,1.1143000051561103e-06,0.0002737491340667475,0.08290550112724304,129
0.891394255682826,0.5954011119902134,1.1716622392299314e-06,0.0002823967984113551,0.1455477550625801,0.8781904876232147,0.581041730940342,1.063653506605533e-06,0.0002797801535052713,0.12248945981264114,130
0.8914662189781666,0.5951737649738789,1.1572198914677756e-06,0.00028119921171310125,0.14662529900670052,0.881309986114502,0.5283154472708702,9.94417213462384e-07,0.0003254089933761861,-0.30895042419433594,131
0.8911783434450626,0.5939358528703451,1.1455315700459323e-06,0.00028042798476235475,0.14672874100506306,0.8874865621328354,0.554822713136673,1.1457873441145239e-06,0.0002806932279781904,-0.0067536234855651855,132
0.8908774051815271,0.5934965759515762,1.1461919946498256e-06,0.00028046284614902106,0.14655764400959015,0.8712501153349876,0.5392154082655907,9.96665626473714e-07,0.00031200877492665313,-0.1614636778831482,133
0.8914187029004097,0.5943574234843254,1.1464865803390012e-06,0.0002803380175464554,0.14788710698485374,0.877803735435009,0.5407105386257172,1.0100905285526096e-06,0.0003138335232506506,-0.30701662600040436,134
0.8912991136312485,0.594472873955965,1.2049505428990415e-06,0.0002828085730470775,0.1458363700658083,0.8867572471499443,0.5737339183688164,1.1352582163226543e-06,0.00027864831281476654,0.032705798745155334,135
0.8914469871670008,0.5947818849235773,1.1432120015086866e-06,0.0002804897303576581,0.14857361651957035,0.8833659589290619,0.5493896380066872,9.948097456913274e-07,0.00036582031680154614,-0.9063538610935211,136
0.8908512331545353,0.5918082930147648,1.1450134955737212e-06,0.0002808967728924472,0.14533275179564953,0.8845896422863007,0.559329129755497,1.0979917348663548e-06,0.00028174830731586553,0.08911255747079849,137
0.8912452403455973,0.5936333201825619,1.1417873722052718e-06,0.0002801334799187316,0.14583873935043812,0.8850558027625084,0.5626026093959808,1.1078093109517795e-06,0.0002800127404043451,0.07153119891881943,138
0.8917019497603178,0.594578742980957,1.1481261807944065e-06,0.0002808072194966371,0.1484974157065153,0.8592924475669861,0.4585356265306473,1.1121308602923818e-06,0.000276362057775259,0.06812845915555954,139
0.8911670055240393,0.5932122636586428,1.148435192277475e-06,0.00028107697198720416,0.147264514118433,0.8730447292327881,0.49482356011867523,1.0545639241854587e-06,0.0002700325330806663,0.09801729768514633,140
0.8918786812573671,0.5947467479854822,1.1377565130032963e-06,0.0002790304038171598,0.14915363676846027,0.8810753300786018,0.5745367482304573,1.0972104931283866e-06,0.0002778202870103996,0.11061572283506393,141
0.8915184214711189,0.5943372324109077,1.1564659168072922e-06,0.00028135901447967626,0.14883862622082233,0.8676080703735352,0.47765136137604713,1.0871272309032065e-06,0.0002796057378873229,0.1088024377822876,142
0.8914593495428562,0.5935580618679523,1.1433544866434886e-06,0.0002803583315653668,0.14770094864070415,0.8822617307305336,0.5515164136886597,1.0657483713316651e-06,0.00027564870833884925,0.1311403214931488,143
0.8915937058627605,0.5941039379686117,1.1587872048579584e-06,0.00028132753550380585,0.14556991681456566,0.870400033891201,0.5034754946827888,1.1680050278073395e-06,0.00028639637093874626,-0.07760544121265411,144
0.8914098646491766,0.5930529739707708,1.1418436383081598e-06,0.0002802820749820967,0.14863446168601513,0.8869937509298325,0.5815775990486145,9.911365665971061e-07,0.0002948961737274658,-0.06759205460548401,145
0.8916425220668316,0.5943003408610821,1.151078183880827e-06,0.00028075310137865017,0.1490039136260748,0.8836947828531265,0.543425016105175,1.1166929425598937e-06,0.0002796934531943407,0.05981448292732239,146
0.8910372108221054,0.5918392147868872,1.1505839303538323e-06,0.0002811048443618347,0.1471538245677948,0.8858866915106773,0.5782407522201538,1.12600234558613e-06,0.0002766336729109753,0.06238069385290146,147
0.8916408717632294,0.593204952776432,1.1580313685755073e-06,0.0002809348138725909,0.14822876453399658,0.881292074918747,0.5256658345460892,9.90716060300656e-07,0.00034682999466895126,-0.6838094145059586,148
0.8917110040783882,0.593427263200283,1.1368603409778189e-06,0.000278904872629937,0.14905994944274426,0.8790321424603462,0.5219520553946495,1.1619043860378042e-06,0.0002868955707526766,-0.06243647634983063,149
0.891715232282877,0.5943446774035692,1.1689731653774516e-06,0.0002816004025589791,0.14767267741262913,0.8822244107723236,0.5732308253645897,1.0990114986952904e-06,0.0002714493020903319,0.06543440371751785,150
0.8913946449756622,0.5934273395687342,1.1427456119150747e-06,0.00028011654194415314,0.14566481672227383,0.8864958211779594,0.5574121549725533,1.0869853639405846e-06,0.0002694751510716742,0.11789286136627197,151
0.8918856177479029,0.5948170740157366,1.1655791318787578e-06,0.0002827177227118227,0.14921915158629417,0.880986362695694,0.5167024284601212,9.832749086058357e-07,0.0003441517328610644,-0.5586145669221878,152
0.8899474199861288,0.5896213129162788,1.1453808088646156e-06,0.00028056786413799273,0.1456667948514223,0.8657800257205963,0.508825346827507,1.1025361530414557e-06,0.0002942924402304925,0.06803935766220093,153
0.8907059691846371,0.5896642878651619,1.2180907589254275e-06,0.0002849758498086885,0.1472370345145464,0.8854220286011696,0.5710706412792206,1.10092822325214e-06,0.0002729312327574007,0.08728064596652985,154
0.8916310239583254,0.5932332742959261,1.1390499992103287e-06,0.0002798321811496862,0.14958974346518517,0.8847221732139587,0.5773534551262856,1.0314821210499758e-06,0.0002724498226598371,0.10866554081439972,155
0.8916998170316219,0.593502713367343,1.1358600158217769e-06,0.00027918398473048,0.14641070179641247,0.8866798877716064,0.5793615058064461,1.1282728706873968e-06,0.0002781445873552002,0.04374655336141586,156
0.8916887156665325,0.5932698883116245,1.13366087450828e-06,0.0002786372742775711,0.15096825547516346,0.8910209089517593,0.5814578160643578,1.111607694781469e-06,0.00027311119993100874,0.08536874502897263,157
0.8918084762990475,0.5935717951506376,1.150039633301958e-06,0.00028035215200361563,0.14888800494372845,0.8758181482553482,0.5773950740695,1.147746637286673e-06,0.00028171113081043586,-0.007972076535224915,158
0.8917307667434216,0.5931267999112606,1.1497047260888849e-06,0.00028048164040228585,0.14949719235301018,0.8859369084239006,0.5613376870751381,1.1313234082876988e-06,0.0002778136440610979,0.03906521946191788,159
0.8910983391106129,0.592184679582715,1.1395637198319264e-06,0.0002798934888232907,0.1453766319900751,0.8829028606414795,0.565858505666256,1.11157496718306e-06,0.0002837599713529926,0.0751790702342987,160
0.891874497756362,0.5939947366714478,1.154916393630856e-06,0.0002811049962474499,0.1486633438616991,0.875372625887394,0.5018956661224365,1.10215384552248e-06,0.00027231565945839975,0.08118940144777298,161
0.8914192151278257,0.5933514274656773,1.135137868146785e-06,0.00027915827649849234,0.14867918007075787,0.8654754087328911,0.561195082962513,1.1581914236558077e-06,0.00028405287594068795,-0.05198448896408081,162
0.8910592328757048,0.592166131362319,1.1430121329425447e-06,0.0002806060083457851,0.14536073058843613,0.8800917342305183,0.5256065279245377,9.980895470107498e-07,0.0003741181208170019,-0.9606205523014069,163
0.8915040083229542,0.5932153686881065,1.1481387609535432e-06,0.00028048122203472303,0.14813519641757011,0.8823979124426842,0.5489845722913742,9.965938332356927e-07,0.00031921721165417694,-0.43652577698230743,164
0.8919054865837097,0.59435710683465,1.1432256847854205e-06,0.00028035350806021597,0.1491953693330288,0.8772994205355644,0.5118842720985413,1.1354819093867263e-06,0.00028017501608701423,0.026717498898506165,165
0.8913273606449366,0.5917480736970901,1.1370402361876586e-06,0.0002796072294586338,0.1488244291394949,0.8818422183394432,0.5634002462029457,1.0000669021792419e-06,0.0003111470432486385,-0.08162876963615417,166
0.8906842451542616,0.5928376838564873,1.141090242740006e-06,0.00027993533376502455,0.14864510484039783,0.8771801367402077,0.5065769776701927,1.0299742072561457e-06,0.00027365875939722173,0.034001730382442474,167
0.8917636834084988,0.5937911290675402,1.1442209135736903e-06,0.0002802525473271089,0.14881843887269497,0.8542667031288147,0.5474559143185616,1.0686101603596398e-06,0.00029076241480652243,0.04877327382564545,168
0.8916433826088905,0.5932530667632818,1.143706844786152e-06,0.00027996243807137944,0.1462277676910162,0.8850081190466881,0.5710989236831665,1.1301552262921177e-06,0.00027618443709798157,0.03427329659461975,169
0.8905689567327499,0.59029321372509,1.1461220950081952e-06,0.000280631421446742,0.14738647639751434,0.8825397118926048,0.5842525064945221,1.1332126206298199e-06,0.00027760315424529836,0.02970930188894272,170
0.8912443425506353,0.5926702450960875,1.1467370804041366e-06,0.00028089335091863177,0.14785674214363098,0.8743466436862946,0.49448875337839127,1.007887185267009e-06,0.00028860386009910144,-0.14201995730400085,171
0.8913892712444067,0.5936691984534264,1.148069589618217e-06,0.00028009612105961423,0.14972591772675514,0.886028952896595,0.5537507832050323,9.788348549477632e-07,0.0003075408167205751,-0.2596830278635025,172
0.8918140325695276,0.5936770737171173,1.1363839327316327e-06,0.00027953751987297437,0.14745847135782242,0.8782675713300705,0.5275034829974174,1.008383094358578e-06,0.0003908129801857285,-1.323981374502182,173
0.891536682844162,0.5936593562364578,1.142392925146396e-06,0.00028015569478156976,0.1475740596652031,0.8690486252307892,0.4795893356204033,1.0770351224209662e-06,0.00028263462081667967,0.11981456726789474,174
0.8915269244462252,0.592491889372468,1.1637629793170845e-06,0.00028139346977695823,0.14872131682932377,0.8881175667047501,0.5650132447481155,9.868683576996773e-07,0.00035517136348062195,-0.5539857149124146,175
0.8914670459926128,0.5934774577617645,1.143696612970757e-06,0.00028004061459796503,0.14746366441249847,0.8633553832769394,0.5346634313464165,1.1091372655869236e-06,0.0002977616932184901,0.02952657639980316,176
0.8914106450974941,0.5936194807291031,1.1402696813433977e-06,0.00028002394083159743,0.14910497330129147,0.8839078992605209,0.5507666319608688,1.0037097055715094e-06,0.000409718144510407,-1.1825408339500427,177
0.8894680272787809,0.5869858283549547,1.1610017143226514e-06,0.0002826834288498503,0.14372316747903824,0.8836173266172409,0.5745722874999046,1.149728007021622e-06,0.00028018292505294085,-0.01441909372806549,178
0.8916806764900684,0.5929668787866831,1.1421281023160645e-06,0.0002800731567731418,0.14720559678971767,0.8831242695450783,0.5368004068732262,1.1258849070827637e-06,0.000274577676464105,0.051895447075366974,179
0.8916341923177242,0.593421034514904,1.1500508190209757e-06,0.00028039523704137537,0.14733798243105412,0.888455793261528,0.5850874409079552,1.0782396770991909e-06,0.0002678108194231754,0.13497550040483475,180
0.8913139943033457,0.5929477978497744,1.138153388424712e-06,0.0002793294274852087,0.14799846522510052,0.8830823451280594,0.5517205744981766,1.0163926162931602e-06,0.00029174505834816955,0.010120190680027008,181
0.891660125926137,0.593439681455493,1.1385177813849623e-06,0.00027934801482842886,0.14788713678717613,0.8831421807408333,0.5492026954889297,1.1398532890893875e-06,0.00028113550433772616,0.00428810715675354,182
0.8917437437921762,0.5942377839237452,1.1465596294613078e-06,0.00027991713795927353,0.14952087216079235,0.8153507187962532,0.5193549022078514,1.1365729406520586e-06,0.00028161012232885696,0.012171909213066101,183
0.8912709914147854,0.5933458153158426,1.1627911931100243e-06,0.0002801485270538251,0.14902042783796787,0.8869959563016891,0.5721976011991501,1.1001477915328906e-06,0.00027569616941036656,0.10440418869256973,184
0.891393642872572,0.5925959460437298,1.1571758022910217e-06,0.00028200560836921795,0.14779080264270306,0.8857299759984016,0.5628136545419693,9.875587991814427e-07,0.00035455603938316926,-0.9405138492584229,185
0.8912350796163082,0.593127328902483,1.1500595693547666e-06,0.0002807504251904902,0.14466409012675285,0.8866326436400414,0.5856818109750748,1.13836956927571e-06,0.00027846727971336804,0.014542780816555023,186
0.8912406135350466,0.5926521643996239,1.1499941710013672e-06,0.00028071910219296115,0.14850653894245625,0.8884580954909325,0.5848980098962784,1.1310596050861932e-06,0.000280249172647018,0.0293266698718071,187
0.8917321283370256,0.5942108742892742,1.1589231974085124e-06,0.00028038052460033214,0.1510595716536045,0.8752094879746437,0.5130772888660431,1.0736469775451951e-06,0.00027263115771347657,0.06707555800676346,188
0.8917196691036224,0.5944689307361841,1.1533564734378388e-06,0.00028137731260358123,0.14789772033691406,0.8870534747838974,0.5570202320814133,1.0034740967057587e-06,0.00029199150230851956,-0.06665116548538208,189
0.8915758524090052,0.5931090153753757,1.1654786113979299e-06,0.000281701652056654,0.149532375857234,0.8827566727995872,0.5535540208220482,9.916594052583605e-07,0.0003270336273999419,-0.46473610401153564,190
0.8911658376455307,0.59308279491961,1.153549249011121e-06,0.0002806369584504864,0.1491495706140995,0.8841641396284103,0.559393122792244,1.1306083962381308e-06,0.00028131725775892846,0.030210725963115692,191
0.8916732762008905,0.593849565833807,1.145135209768e-06,0.00028070105145161506,0.1497276145964861,0.8828272521495819,0.5433351099491119,9.91220652224456e-07,0.0003594175213947892,-0.8168232589960098,192
0.8918950092047453,0.5949239395558834,1.1499115544211236e-06,0.00028051688695995836,0.1492572296410799,0.8706920444965363,0.5213017985224724,1.1738635308233825e-06,0.00028840245431638323,-0.11021216213703156,193
0.8907535225152969,0.5918665435165167,1.1694941903783729e-06,0.0002819145065586781,0.14425690099596977,0.8791014105081558,0.5303422957658768,1.055967089769183e-06,0.00026665665427572094,0.10167976468801498,194
0.8915578853338957,0.5943551249802113,1.1424466492826468e-06,0.0002796117996695102,0.1474455911666155,0.8840342685580254,0.5650255531072617,1.1146086080771056e-06,0.00028061553166480735,0.05814089626073837,195
0.8917315695434809,0.5946047324687243,1.1596944986536073e-06,0.00028129590555181494,0.1486877053976059,0.8820856511592865,0.5462845340371132,1.1502018040232542e-06,0.0002813927276292816,-0.010161340236663818,196
0.8913528993725777,0.5929297879338264,1.1363704928157858e-06,0.0002789334416775091,0.15086863189935684,0.8719629868865013,0.5251282900571823,1.1406818387627027e-06,0.0002851367498806212,-0.0002289414405822754,197
0.8914011940360069,0.5941553972661495,1.1653223612739794e-06,0.0002825882693286985,0.14951626025140285,0.8823401629924774,0.5589345917105675,9.946283796580246e-07,0.00038709427099092864,-0.9301013499498367,198
0.8904624190181494,0.5915747620165348,1.1722460673269097e-06,0.0002829699897120008,0.14536505937576294,0.881022222340107,0.5589220821857452,9.839955552592983e-07,0.00033319092108285986,-0.45248687267303467,199
0.8915302343666553,0.5932268034666777,1.16743030531552e-06,0.00028113149255659664,0.1491860579699278,0.8822668939828873,0.5312751829624176,9.920344083980126e-07,0.0003349474209244363,-0.4445095360279083,200
0.8918934836983681,0.5940476637333632,1.16433995778209e-06,0.0002814389536069939,0.14794166758656502,0.873555138707161,0.5750022605061531,1.1202167087276393e-06,0.000277501305390615,0.024462148547172546,201
0.8909795805811882,0.5925989523530006,1.160744986350437e-06,0.0002820417398652353,0.14985856786370277,0.8838088661432266,0.5370796993374825,9.880682299012733e-07,0.0003628075937740505,-0.8894039988517761,202
0.8915422931313515,0.593269994482398,1.1449188441758906e-06,0.0002801132450258592,0.14728712663054466,0.881207749247551,0.5320693254470825,1.1671242603483734e-06,0.00028680194009211846,-0.08056366443634033,203
0.8912237398326397,0.5934135727584362,1.1639128949525457e-06,0.00028145839723947574,0.14962995797395706,0.877374030649662,0.5615008771419525,1.0206797824707792e-06,0.000290155214315746,0.05588015913963318,204
0.8909602388739586,0.5915367286652327,1.1489905453743177e-06,0.000281177460692561,0.14772039465606213,0.8913217857480049,0.5830035135149956,1.1220390874200348e-06,0.00027284450334263965,0.0646890327334404,205
0.8917560484260321,0.5927645731717348,1.1376108428606813e-06,0.00027978096613878733,0.14784551225602627,0.8838527575135231,0.5719783380627632,9.869999573197674e-07,0.0002936613127531018,-0.03667706251144409,206
0.8917955700308084,0.5947135407477617,1.1524958694053566e-06,0.0002808519966492895,0.15015029162168503,0.8864897638559341,0.5679212957620621,1.0968619790219236e-06,0.00027271944054518826,0.11755099147558212,207
0.891435569152236,0.5933971647173166,1.1389779217552132e-06,0.00027983670861431165,0.14733536168932915,0.8798026740550995,0.5327174440026283,9.86878205821995e-07,0.0003343029566167388,-0.510320171713829,208
0.8914427813142538,0.5944386124610901,1.1471798195827887e-06,0.00028077486240363214,0.14810846373438835,0.8810297027230263,0.5376298725605011,1.1651369931087174e-06,0.00028493094941950403,-0.0710492879152298,209
0.8908531796187162,0.592739038169384,1.1573572091805318e-06,0.00028179320815979736,0.14489226788282394,0.880053386092186,0.5374787375330925,1.00379462253386e-06,0.0003498097612464335,-0.2712145149707794,210
0.8917193803936243,0.5933212880045176,1.181889983215001e-06,0.0002823382401402341,0.14604364335536957,0.8755259290337563,0.5382533669471741,1.0429917054466387e-06,0.00028837512945756316,-0.11098793148994446,211
0.8913262579590082,0.5927086714655161,1.1302147298053455e-06,0.00027821749108625227,0.1509942952543497,0.8780659288167953,0.5390205159783363,1.0055258456986849e-06,0.0003669537873065565,-0.7836013585329056,212
0.8906940743327141,0.5915981829166412,1.1412234499630358e-06,0.00028004494470224017,0.14793484285473824,0.8728796094655991,0.509315013885498,1.0846599920455446e-06,0.0002717009247135138,0.12291201204061508,213
0.8918204996734858,0.5933006852865219,1.1469402014796515e-06,0.00028037380161549663,0.15052653849124908,0.887269988656044,0.5571266114711761,1.0939638173113053e-06,0.0002693914775591111,0.0865393653512001,214
0.8918019644916058,0.5941728744655848,1.1379647517628655e-06,0.00027925426638830686,0.14951540157198906,0.8894297927618027,0.589974507689476,1.0728153512218341e-06,0.00026785607951751444,0.14762484282255173,215
0.8917885273694992,0.5941647849977016,1.158935688749807e-06,0.0002798568680191238,0.15192842483520508,0.8851843401789665,0.5544952973723412,1.0402705470369256e-06,0.0002709616419451777,0.06443030387163162,216
0.8910839632153511,0.592334670946002,1.1494119380728307e-06,0.0002804815890158352,0.1491730771958828,0.8797788992524147,0.571955606341362,1.0686630247391804e-06,0.00027821582625620067,0.1307542622089386,217
0.8919393830001354,0.5943982731550932,1.1443526997112485e-06,0.00028035362493028515,0.1505108680576086,0.8809939622879028,0.5291152447462082,9.974926982181387e-07,0.0003699295557453297,-0.7609826922416687,218
0.8918658122420311,0.5943042226135731,1.167701624282813e-06,0.00028145157693870715,0.14800407364964485,0.880679726600647,0.5460162833333015,1.11531844027013e-06,0.000286350568785565,0.051819734275341034,219
0.8909041918814182,0.5927482768893242,1.1734493750026331e-06,0.00028193899743200745,0.14824388921260834,0.8923172652721405,0.5847298577427864,1.0393111935513843e-06,0.00027209861946175806,0.05044744908809662,220
0.8917081169784069,0.5942970179021358,1.149336942063428e-06,0.0002806412485369947,0.14763381518423557,0.8689490035176277,0.5043958351016045,1.0170736430836769e-06,0.0003956750006182119,-0.9003171920776367,221
0.8915791362524033,0.5936132464557886,1.13669749168821e-06,0.0002791725914903509,0.14920510910451412,0.8672499135136604,0.513824537396431,9.933287259400458e-07,0.00029927636569482274,-0.13746167719364166,222
0.8918266128748655,0.59426080994308,1.1596361062515825e-06,0.0002806618063004862,0.14820179156959057,0.8838255703449249,0.5706544145941734,1.0801051715247922e-06,0.00026950708888762165,0.09113723784685135,223
0.891251839697361,0.5938082989305258,1.1414872993498193e-06,0.0002797720517264679,0.1482939664274454,0.874164529144764,0.5525764152407646,1.0945669473017006e-06,0.0002725183694565203,0.10017695277929306,224
0.8918018154799938,0.5944493878632784,1.14305846388163e-06,0.00028025158417221974,0.15036771446466446,0.8820639625191689,0.5469480380415916,1.0064642808060853e-06,0.0002926441375166178,-0.2348271608352661,225
0.8913323674350977,0.5935264751315117,1.1924982601385636e-06,0.0002837614792952081,0.14747858606278896,0.870062030851841,0.5098005682229996,1.0619773931352938e-06,0.0004878422296314966,-1.7268126308918,226
0.8908955175429583,0.5918097663670778,1.1437082978460467e-06,0.0002804435607686173,0.14606042578816414,0.8807969391345978,0.5630778595805168,1.0971347847998913e-06,0.00027633689387585036,0.08684030920267105,227
0.8916019536554813,0.5938399247825146,1.1597615952041451e-06,0.0002810451296682004,0.14927487820386887,0.8877834528684616,0.5837922170758247,1.0408453690047281e-06,0.0002659248020790983,0.14690762758255005,228
0.8907289318740368,0.5925729367882013,1.1591035953273376e-06,0.0002812410866681603,0.1473961379379034,0.8139687925577164,0.37410175055265427,1.1398290098441066e-06,0.00028582908998942,0.011756815016269684,229
0.8916920535266399,0.5939752031117678,1.1694085539915022e-06,0.0002829904897225788,0.14779544435441494,0.8717913776636124,0.5118433237075806,9.794524515882586e-07,0.0003341753654240165,-0.8109457045793533,230
0.8913682531565428,0.5935154296457767,1.1820201279988396e-06,0.0002826690579240676,0.14954661019146442,0.8870922774076462,0.5612674504518509,9.829942086980736e-07,0.00028271088740439154,-0.08950334787368774,231
0.8915121629834175,0.5937095507979393,1.147344974583575e-06,0.0002804086780088255,0.14641028456389904,0.8671217635273933,0.5470801070332527,1.0850403171502876e-06,0.000291887998173479,0.07286705821752548,232
0.8891081120818853,0.5875530950725079,1.1598624460873452e-06,0.00028166462789158686,0.1456109583377838,0.874380923807621,0.5332733541727066,9.973181605005266e-07,0.0003656679509731475,-0.6360224038362503,233
0.8902971409261227,0.5895743295550346,1.1635815013733009e-06,0.0002827868374879472,0.14571700245141983,0.8877315074205399,0.5814490020275116,1.0798871983297431e-06,0.0002698324406082975,0.10787927359342575,234
0.8914756178855896,0.591955354437232,1.1465132896404384e-06,0.00027987092289549764,0.14935219287872314,0.885123647749424,0.5493852943181992,1.0160927459423874e-06,0.0002959646335511934,0.033605366945266724,235
0.8916988335549831,0.592865439131856,1.141119177816563e-06,0.0002798798868752783,0.15000210516154766,0.8846631124615669,0.5574242323637009,1.1219860098776735e-06,0.00027849365505971946,0.05768851935863495,236
0.8917675595730543,0.5930385757237673,1.1351773707701796e-06,0.00027885385179615696,0.1497325375676155,0.8775386065244675,0.5515741780400276,1.1330840692380661e-06,0.00028798334460589103,0.019409723579883575,237
0.8916214369237423,0.5931186620146036,1.1322772159871874e-06,0.00027841346945933765,0.14781652577221394,0.8686649948358536,0.5367832779884338,9.910134011192895e-07,0.00035426813701633364,-0.4670669436454773,238
0.8914249651134014,0.5931117385625839,1.1503672219248529e-06,0.00028084983523513074,0.1480646077543497,0.8862405642867088,0.5743385404348373,1.1194489601962232e-06,0.00027529997896635905,0.056210748851299286,239
0.891590092331171,0.5943207070231438,1.1331922511459425e-06,0.0002787335961329518,0.1500380728393793,0.8872506245970726,0.5873469933867455,1.1327516347137134e-06,0.000278300645732088,0.034765735268592834,240
0.8917569257318974,0.5943436101078987,1.139096372781978e-06,0.00027941355074290186,0.14979826100170612,0.8704094961285591,0.48641279712319374,1.0309381650586147e-06,0.00027718091223505326,0.027990221977233887,241
0.890148201957345,0.5905930139124393,1.1651925184708034e-06,0.0002818876137098414,0.14506970718502998,0.8825812041759491,0.5477552488446236,1.1192427535888783e-06,0.0002753001608652994,0.07313410937786102,242
0.8915085289627314,0.5946660451591015,1.1336294605257535e-06,0.0002790485955301847,0.14881120063364506,0.8777721375226974,0.5352256745100021,1.004776400748142e-06,0.0003912665997631848,-1.0741608440876007,243
0.8916857484728098,0.5942509211599827,1.1383459064262524e-06,0.00027941174448642414,0.14937848970294,0.8814453408122063,0.5622288584709167,1.1450414518776597e-06,0.00027956589110544883,0.0032719969749450684,244
0.8911836910992861,0.5933023076504469,1.1401411246225734e-06,0.0002797958327391825,0.14889361150562763,0.889467254281044,0.566666878759861,1.0765531754941549e-06,0.00026875807088799775,0.13351406902074814,245
0.8915233258157969,0.5940746814012527,1.1461730000661419e-06,0.00027991530987492297,0.1504701878875494,0.8772788196802139,0.5145321190357208,1.001209390949498e-06,0.0002828044489433523,-0.06763434410095215,246
0.8916466645896435,0.594886252656579,1.1449085342007947e-06,0.00027988790998279,0.14954322017729282,0.8820572644472122,0.5797852426767349,1.119636905855259e-06,0.0002749433879216667,0.06077518314123154,247
0.8913635667413473,0.5937567409127951,1.1645770001678102e-06,0.00028226395397723536,0.14703145995736122,0.8833710625767708,0.568736657500267,1.1272799156358815e-06,0.00027750732988351956,0.03175736963748932,248
0.8915115464478731,0.5940357260406017,1.1524257210737687e-06,0.000281089506643184,0.1475081481039524,0.8869270086288452,0.5489337667822838,1.1224605316328962e-06,0.00027620480250334367,0.061605386435985565,249
0.8913524895906448,0.5934057272970676,1.1450143677649294e-06,0.000280384890629648,0.14662736281752586,0.880002923309803,0.5449442490935326,1.0326636257218524e-06,0.00044291827725828625,-1.3233275711536407,250
0.8909609708935022,0.5922088529914618,1.1560525159381996e-06,0.0002808902572724037,0.14868533983826637,0.8791078701615334,0.5368561372160912,1.1253331564375912e-06,0.00028068925166735426,0.051619753241539,251
0.89147162809968,0.5928427912294865,1.1483619832830527e-06,0.0002805093799906899,0.1479195412248373,0.8732817471027374,0.5218906477093697,1.1146360918701248e-06,0.0002775748180283699,0.05401039123535156,252
0.8915218636393547,0.5944870598614216,1.140268725663418e-06,0.00028023561299050925,0.1500068660825491,0.884530209004879,0.5522039532661438,1.1210687773655081e-06,0.00028136486071161926,0.055046990513801575,253
0.8908584993332624,0.5921708680689335,1.1492686908809446e-06,0.0002809116967910086,0.14893977530300617,0.8867376372218132,0.5553544014692307,1.0210349827843856e-06,0.0002738027505984064,0.09464198350906372,254
0.891403766348958,0.5946067813783884,1.169374302278925e-06,0.0002812937846101704,0.14761932753026485,0.8870425894856453,0.5864712670445442,1.0263560028533902e-06,0.00026920456912193913,0.12685392051935196,255
0.8912792410701513,0.5938639137893915,1.133515086237935e-06,0.0002785935612337198,0.1500285230576992,0.8867160826921463,0.5548932626843452,1.1319407065002451e-06,0.0002767958940239623,0.03521820157766342,256
0.8919520881026983,0.5950274281203747,1.1372680361887433e-06,0.00027931769136557705,0.14907397888600826,0.8799974545836449,0.5823590457439423,1.1454079213990553e-06,0.00028087485407013446,-0.009152881801128387,257
0.8914273250848055,0.5938820298761129,1.1454649797570937e-06,0.0002803678989948821,0.14849065616726875,0.8859976157546043,0.5791634544730186,1.128321336807403e-06,0.00027701510771294124,0.04172372817993164,258
0.8915603216737509,0.5950239412486553,1.1439084754982787e-06,0.00028017908425681526,0.14949372224509716,0.8815990462899208,0.5230930596590042,1.0025074104191845e-06,0.0002844918199116364,-0.06403625011444092,259
0.8915361668914557,0.5942342821508646,1.1338036784991345e-06,0.0002787537014228292,0.14951105043292046,0.8614785671234131,0.5080992579460144,1.1007707811927503e-06,0.00029357289167819545,0.06785263121128082,260
0.8911625053733587,0.5934095345437527,1.143077398069181e-06,0.0002801177738547267,0.1458644364029169,0.8881552889943123,0.5827225595712662,1.1255209884097894e-06,0.0002761790201475378,0.04747159034013748,261
0.8916645981371403,0.5943688116967678,1.1646928950170832e-06,0.00028147838293079985,0.1479714848101139,0.8796375468373299,0.5606354102492332,9.849032238662403e-07,0.0003116171319561545,-0.14850755035877228,262
0.8916362095624208,0.5948193110525608,1.1362402823067441e-06,0.0002791197239275789,0.1489808913320303,0.8899383544921875,0.5705022364854813,1.1272464988110187e-06,0.0002765749450190924,0.03173012286424637,263
0.8907360937446356,0.5921342018991709,1.1449628640747278e-06,0.0002797401011775946,0.14991942048072815,0.8809109926223755,0.5820485055446625,1.1031604358890945e-06,0.0002760903153102845,0.07386262714862823,264
0.8917739521712065,0.5941569805145264,1.1444234253588093e-06,0.0002800316315187956,0.14926761761307716,0.8804854527115822,0.5359018966555595,9.960311260215349e-07,0.00030882608189131133,-0.2987323999404907,265
0.8918070010840893,0.5945007745176554,1.1443915219899736e-06,0.0002803350034810137,0.14860539138317108,0.8779487386345863,0.519823931157589,1.1614958239647422e-06,0.00028473406200646423,-0.04808357357978821,266
0.8913986105471849,0.5939063597470522,1.1590209165746046e-06,0.0002809417387652502,0.14901749603450298,0.8781376332044601,0.5109295845031738,9.967606473537671e-07,0.00030123476608423516,-0.22467271983623505,267
0.8915697410702705,0.5949251800775528,1.153207559667635e-06,0.00028072335317119723,0.14849750138819218,0.8760087192058563,0.5054556503891945,9.989229354800955e-07,0.0003448653042141814,-0.5858771353960037,268
0.8909892030060291,0.5930302646011114,1.1495234648606356e-06,0.0002809880111271923,0.14969159848988056,0.8801549524068832,0.5439582914113998,1.114940879176629e-06,0.00028031742476741783,0.07441569864749908,269
0.8916890919208527,0.5946729760617018,1.137033883935601e-06,0.00027969152961304644,0.14713945612311363,0.8868254944682121,0.572966992855072,1.1394324275215695e-06,0.0002817953718476929,0.007199056446552277,270
0.8914960101246834,0.5931089613586664,1.1481641273292098e-06,0.00028001428609059076,0.15093744732439518,0.8803320005536079,0.5146812871098518,9.86222765675393e-07,0.0003267112733738031,-0.41761860251426697,271
0.8908020462840796,0.5922300536185503,1.162964110790199e-06,0.00028086413385608466,0.14771869033575058,0.8810281157493591,0.51775973290205,1.025318162817257e-06,0.0002937843273684848,0.041466742753982544,272
0.8915573824197054,0.5945136807858944,1.1484591073696038e-06,0.0002808904800986056,0.14822517707943916,0.8890642002224922,0.5731772184371948,9.847907662674515e-07,0.00033362002795911394,-0.559891864657402,273
0.8906866107136011,0.5935226045548916,1.1740945637939149e-06,0.00028228926294104895,0.1464066356420517,0.8786445558071136,0.516643688082695,1.0047332779095086e-06,0.00028932507848367095,-0.2096189558506012,274
0.8914998099207878,0.5940795000642538,1.1473819867546808e-06,0.0002801963464662549,0.14817394316196442,0.8840484321117401,0.5609917715191841,1.103294408721922e-06,0.0002837285428540781,0.093758225440979,275
0.8916367385536432,0.5934342071413994,1.1322858712858874e-06,0.00027878172340933816,0.14942015521228313,0.8813474178314209,0.5822176560759544,1.145604066721262e-06,0.0002809054385579657,0.0006189048290252686,276
0.8918311111629009,0.5941339544951916,1.1436900315686671e-06,0.0002800507163556176,0.1508126873522997,0.8893802091479301,0.5684492588043213,9.86374310230076e-07,0.0003671139456855599,-0.8174759894609451,277
0.8914130013436079,0.5940198749303818,1.1481611554842175e-06,0.0002804057921821368,0.14984830282628536,0.8899476304650307,0.5664387047290802,1.0308912337109177e-06,0.0002702588080865098,0.01878446340560913,278
0.8917770385742188,0.5941992960870266,1.14279540497364e-06,0.0002800803522404749,0.14984115958213806,0.8844527825713158,0.5539635792374611,1.133021676480439e-06,0.0002761964060482569,0.04769977182149887,279
0.891434334218502,0.5945980679243803,1.1359207849892528e-06,0.0002793369590108341,0.14994021132588387,0.8853055536746979,0.5446889698505402,1.0125336800115292e-06,0.0002806209413392935,-0.044408805668354034,280
0.8915986511856318,0.5944391116499901,1.1619098803095085e-06,0.00028159852172393585,0.15053972974419594,0.8750232011079788,0.496368408203125,1.0247618646985757e-06,0.0002722506942518521,0.03920934349298477,281
0.8917291034013033,0.5950317550450563,1.1557873680345665e-06,0.00028111867050029105,0.1488068401813507,0.8870301097631454,0.5643851384520531,1.007708000599905e-06,0.00026883113241638057,0.1002887636423111,282
0.8914858978241682,0.5939343925565481,1.1675608639905022e-06,0.0002813529049490171,0.14821908995509148,0.8819043710827827,0.5669908300042152,1.0796775882226939e-06,0.0002740534764598124,0.10337847471237183,283
0.8915235791355371,0.5951548088341951,1.2046000517074162e-06,0.0002832668665178062,0.14917834848165512,0.8747864067554474,0.4970517233014107,9.935101346059128e-07,0.00032417920738225803,-0.4761323630809784,284
0.8913401924073696,0.5939698982983828,1.1579530028171803e-06,0.0002815485258906847,0.14804929308593273,0.8835845813155174,0.5544564723968506,1.1245548705574038e-06,0.0002800243928504642,0.04187963902950287,285
0.8915899638086557,0.5940942279994488,1.1613588331016444e-06,0.0002813102964864811,0.14818497002124786,0.8817184343934059,0.5187678262591362,1.0919374062723364e-06,0.0002705945407797117,0.09482856839895248,286
0.8914679232984781,0.5939213652163744,1.1392096865847634e-06,0.00027953880908171413,0.15055152773857117,0.8817820250988007,0.5525938421487808,1.0520876614350527e-06,0.0002862533292500302,0.13324740529060364,287
0.8914552237838507,0.593584019690752,1.1599959250929714e-06,0.0002811554895743029,0.14992624707520008,0.8812922388315201,0.5278066173195839,9.936179807823464e-07,0.0003649122481874656,-0.932213082909584,288
0.8910820372402668,0.5932093001902103,1.1400205988110201e-06,0.0002803425431920914,0.14687145128846169,0.8794138580560684,0.5667317286133766,1.0619928616506513e-06,0.0002822394380928017,0.12078934162855148,289
0.8914758414030075,0.5936835464090109,1.1544096132354298e-06,0.00028110574930906296,0.1485678292810917,0.8844777047634125,0.5752175822854042,1.045116221121134e-06,0.00027437848984845914,0.127987802028656,290
0.8912130706012249,0.5934084784239531,1.1435940301396386e-06,0.0002800115016725613,0.14699451252818108,0.8841460943222046,0.5727259889245033,1.122738446213134e-06,0.00027907681942451745,0.05237241089344025,291
0.8912132419645786,0.5942472126334906,1.1487829993939158e-06,0.0002801502878355677,0.15252370946109295,0.8710016012191772,0.5099190175533295,1.16881721368145e-06,0.0002875993595807813,-0.08891791105270386,292
0.8909221179783344,0.5926892720162868,1.1585944399428172e-06,0.0002816456785694754,0.1492047905921936,0.8870136439800262,0.5829633325338364,1.0995362202947945e-06,0.0002680496181710623,0.10630397498607635,293
0.8918516337871552,0.5949008017778397,1.1431118895899317e-06,0.00028057056761099375,0.1501800063997507,0.8851839154958725,0.58037019520998,9.93940318494424e-07,0.00028496681261458434,0.0271059051156044,294
0.8890108894556761,0.587506890296936,1.1410344136209005e-06,0.0002802856952257571,0.14510966837406158,0.881623201072216,0.5374910682439804,1.129933686172535e-06,0.0002834282931871712,0.0320669487118721,295
0.8911990970373154,0.591310802847147,1.1593010427191075e-06,0.00027993351977784187,0.1496452521532774,0.880108654499054,0.5395714491605759,1.0914083219404347e-06,0.0002848523035936523,0.11204057931900024,296
0.8912163712084293,0.5912909898906946,1.1533943595765095e-06,0.0002805726144288201,0.1494598425924778,0.8788536936044693,0.5462037771940231,1.1214007287208005e-06,0.00028250912146177143,0.04415830224752426,297
0.8913215771317482,0.5916233491152525,1.1459562898608056e-06,0.0002806685915857088,0.14972123876214027,0.8726057857275009,0.4858730584383011,9.986325864019818e-07,0.0002997365008923225,-0.24836203455924988,298
0.891507325693965,0.5922421235591173,1.1696405692873668e-06,0.00028214215899424744,0.14911937713623047,0.8873161226511002,0.5662662535905838,9.830546261468953e-07,0.00035047441633651033,-0.501774936914444,299
0.8914949148893356,0.5911855883896351,1.1618039614802456e-06,0.0002805315816658549,0.14799407869577408,0.8717737942934036,0.5249170884490013,1.1628136675767564e-06,0.0002860858330677729,-0.0812377780675888,300
