0.5818137908354402,0.13156839352450334,0.02286732752691023,0.0919794500223361,-229053.6595916748,0.4773186258971691,-0.04914101678878069,0.0032173898653127253,0.054741411469876766,-33540.93994140625,0
0.5429450627416372,0.061183590529253706,0.00021193528937146766,0.011852931012981571,-2533.088050842285,0.6579503044486046,0.14800411462783813,0.00022765862559026573,0.011049918248318136,-3166.4383544921875,0
0.5408925646916032,0.051575744149886305,4.1912575966307486e-05,0.0055812201026128605,-492.4718551635742,0.6061611548066139,0.06231569964438677,3.144447578051768e-05,0.004372464318294078,-434.8090019226074,1
0.5578351728618145,0.061663394182687625,1.4817009940770731e-05,0.003378775072633289,-168.58358645439148,0.5894394069910049,0.040937124751508236,9.79930209723534e-05,0.006228199054021388,-1170.4109191894531,2
0.5826822761446238,0.08352486624062294,7.024264135679914e-06,0.0023085614448064007,-74.52068185806274,0.448830746114254,-0.09136395901441574,5.871931853107526e-05,0.004836693638935685,-595.2596435546875,3
0.6186114428564906,0.12204624681180576,3.916338542353515e-06,0.0016863087694218848,-36.65289545059204,0.41669396311044693,-0.133977260440588,3.46650513165514e-05,0.003720009553944692,-344.9340171813965,4
0.65074104629457,0.16133267496479675,2.5761346904573657e-06,0.001300129708397435,-20.197252810001373,0.3214076943695545,-0.20849263481795788,0.0007408090896205977,0.004842794849537313,-4874.643768310547,5
0.6781390458345413,0.19166512647643685,1.9803882302937836e-06,0.0010509563999221427,-12.642997652292252,0.2526073753833771,-0.32507212832570076,0.0020269407104933634,0.0047456889296881855,-34973.754638671875,6
0.705524668097496,0.23159983474761248,1.591824748459203e-06,0.0008673146476212423,-7.693116158246994,0.5727589726448059,0.0470992554910481,4.1339316680932825e-06,0.001051660583470948,-34.3316969871521,7
0.7311825901269913,0.2683899193070829,1.4043177323230793e-06,0.000737898533770931,-5.089831359684467,0.6961165070533752,0.21781837567687035,6.676737370980845e-06,0.0014113873039605096,-63.21122980117798,0
0.7529396917670965,0.29897403297945857,1.278002706328607e-06,0.0006403092993423343,-3.414068654179573,0.6583150550723076,0.1426175106316805,3.4193423914530285e-06,0.0009744814306031913,-35.87110114097595,1
0.7697717752307653,0.3288641478866339,1.2362443833069392e-06,0.00057373717208975,-2.6160714477300644,0.5163257792592049,-0.11274737864732742,6.322222432686431e-06,0.0006816473251092248,-14.689111411571503,2
0.7809111028909683,0.34417660580947995,1.1790469844896734e-06,0.0005175449350645067,-1.6859741285443306,0.5901703834533691,0.0689964983612299,2.3511050301294745e-05,0.000823967915493995,-328.00429940223694,3
0.7867793347686529,0.37405658047646284,1.1800006660678264e-06,0.00047999201069615083,-1.2517065964639187,0.6299538090825081,-0.25267490185797215,0.0025295121304225177,0.003939864604035392,-23300.847412109375,4
0.7911604698747396,0.3841158621944487,1.167399101831279e-06,0.0004526595657807775,-1.0851539075374603,0.7157765179872513,0.2227188590914011,1.0763986551864946e-05,0.0010176583018619567,-138.18910026550293,0
0.7851846050471067,0.38105980586260557,1.1503249641720004e-06,0.0004292709063520306,-0.8397093303501606,0.7497510462999344,0.2681511864066124,1.20345180221193e-06,0.0005653079933836125,-3.6789894700050354,0
0.7735487949103117,0.3721994683146477,1.1853379078274884e-06,0.0004311254879212356,-1.3540311343967915,0.3102070391178131,-0.2873438000679016,7.447172538377345e-05,0.0015194984880508855,-657.1913223266602,1
0.7974770478904247,0.406955559970811,1.1650589488709784e-06,0.0003986195597462938,-0.7439014688134193,0.1918286420404911,-0.3994047977030277,2.7550588924896147e-05,0.0012939782900502905,-220.8364429473877,2
0.7963524861261249,0.4140458172187209,1.1754535726993254e-06,0.0003858843738271389,-0.7065143920481205,0.8334022983908653,0.42241139337420464,1.0362668234620287e-06,0.0003866561637551058,-0.7232736945152283,0
0.8022364396601915,0.4279035641811788,1.1437727547303211e-06,0.0003629475941124838,-0.366320438683033,0.3776017837226391,-0.1319405920803547,1.1791291640861346e-06,0.0004598284976964351,-1.079756110906601,1
0.6959200799465179,0.2655005546985194,1.7593720755826325e-06,0.0005222987165325321,-8.285900242626667,0.4822443388402462,0.13034378923475742,7.641265483471216e-06,0.0013210361503297463,-73.87641334533691,2
0.771442161872983,0.40453140530735254,1.1862091344738701e-06,0.0003619595754571492,-0.5301862135529518,0.5771849453449249,0.1994194332510233,3.2504516411790974e-06,0.000998861956759356,-28.780898332595825,3
0.8227047398686409,0.4742928519845009,1.1554480447983906e-06,0.0003312494291094481,-0.17599928006529808,0.7364476248621941,0.4413108229637146,1.0623321600178315e-06,0.0003702180074469652,-0.25654880702495575,4
0.8297243267297745,0.491305417381227,1.1617032793509452e-06,0.00032928074415394804,-0.08629593439400196,0.8174634128808975,0.4188407100737095,1.0280796303163697e-06,0.00035062294045928866,-0.23132996261119843,5
0.8081087553873658,0.45346531504765153,1.160932223243094e-06,0.00032984965309879044,-0.12230791337788105,0.8544763922691345,0.47632404044270515,1.0508954346732935e-06,0.00038740920717827976,-1.204785406589508,0
0.7595726922154427,0.38543265918269753,2.5868773736448247e-06,0.0004989434955859906,-19.102811401709914,0.23223161324858665,-0.34797949716448784,1.194268897108941e-06,0.00030038202748983167,-0.19599774479866028,1
0.7739153150469065,0.4114787429571152,1.1899755989475125e-06,0.0003385621666893712,-0.32139632664620876,0.8716532289981842,0.5187707915902138,1.0122653080202326e-06,0.0003254464390920475,-0.3418712317943573,0
0.8148547410964966,0.48288073670119047,1.1778172499532502e-06,0.0003124317299807444,-0.034264110028743744,0.8730415850877762,0.5273800939321518,1.0179687706113327e-06,0.0003147363786411006,-0.08113992214202881,0
0.8281629104167223,0.48944895481690764,1.1566572322152524e-06,0.0003083748388235108,-0.015819955617189407,0.849236361682415,0.5184366106987,1.0587312502252644e-06,0.00031845398916630074,-0.2346128523349762,1
0.8270353898406029,0.48402139637619257,1.1538204720551448e-06,0.000308431691792066,-0.00813475251197815,0.8810799568891525,0.5370903238654137,1.0324085124580051e-06,0.0003417472980800085,-1.0321072340011597,0
0.8179171551018953,0.473978104069829,1.1676843509889068e-06,0.000311357575810689,-0.023738058283925056,0.761571116745472,0.26143239438533783,1.079665508996186e-06,0.00028480959372245707,0.06351331621408463,1
0.7793699130415916,0.42697588389273733,1.1826268302428389e-06,0.000325062865158543,-0.19511854089796543,0.8732049614191055,0.5330948457121849,1.052757099273549e-06,0.00030009679539944045,0.08964905142784119,2
0.8288144133985043,0.4905951162800193,1.179233063197671e-06,0.0003085236030528904,-0.0047241803258657455,0.8032223582267761,0.513240173459053,1.0269760437608966e-06,0.00033668216565274633,-0.12633880972862244,3
0.8281347751617432,0.4792971359565854,1.1592569784113493e-06,0.0003077433020735043,0.0005096159875392914,0.47060536965727806,0.1287104357033968,1.1512337181329713e-06,0.0004102368839085102,-0.8951062709093094,4
0.8135045068338513,0.46235001034801826,1.1903733962981278e-06,0.0003163164819852682,-0.09573931992053986,0.18357319571077824,-0.3618728928267956,1.2116456034050316e-06,0.00034504986615502276,-0.47281084954738617,5
0.7368084248155355,0.3648936688732647,1.3539838317200292e-06,0.0003559997148840921,-1.3851972557604313,0.8171063661575317,0.5034593902528286,1.0672238204278983e-06,0.00029922497560619377,-0.004892826080322266,6
0.8489561174064875,0.5084315135609359,1.1820098002601753e-06,0.0002990880284414743,0.02577839232981205,0.8739637061953545,0.5215754136443138,9.935650737702417e-07,0.0003448569405009039,-0.5672381818294525,7
0.85649698600173,0.5282853795215487,1.1657419136668068e-06,0.00029587448261736427,0.0603678897023201,0.8323618695139885,0.49153704941272736,1.066098732849241e-06,0.00031514222064288333,0.024429962038993835,8
0.8536847550421953,0.5171672543510795,1.1757904463394198e-06,0.0002993239022544003,0.04298482649028301,0.3207453638315201,-0.00708065924118273,1.154076194609388e-06,0.00040361415449297056,-0.6455442756414413,9
0.8072601463645697,0.4471032996661961,1.2313703301458645e-06,0.0003178339020450949,-0.7832325994968414,0.7770815268158913,0.41214902326464653,1.1064717213571384e-06,0.00027512377346283756,0.03986997902393341,10
0.8544805739074945,0.5096294526010752,1.188962215792344e-06,0.0002966870388263487,0.064704405143857,0.8737792745232582,0.51393923163414,1.0218178090326546e-06,0.00031936009327182546,-0.20963940024375916,11
0.8600937351584435,0.5157238384708762,1.1576051601736026e-06,0.0002959828952953103,0.060942551121115685,0.8381382077932358,0.44579028710722923,1.0633798908088465e-06,0.0003047832033189479,0.060817375779151917,12
0.8672109879553318,0.5289479419589043,1.167653399747337e-06,0.00029531849759223405,0.07888872921466827,0.8740802183747292,0.5170457139611244,1.0076790175617134e-06,0.00031783343729330227,-0.2842249870300293,13
0.8579109366983175,0.5213409829884768,1.1687664418502663e-06,0.0002970295499835629,0.06813012063503265,0.8697767034173012,0.5095111429691315,1.047677862686669e-06,0.00029761803307337686,-0.1321166455745697,14
0.8406044542789459,0.4768509054556489,1.1655120637499294e-06,0.0002972365819005063,0.04020027630031109,0.8802680969238281,0.525437168776989,1.0297837249595432e-06,0.00030566929490305483,-0.5028492212295532,15
0.8617957141250372,0.5247366400435567,1.161354823864258e-06,0.00029335889166759443,0.08047778159379959,0.8356703445315361,0.49433207884430885,1.051105925853335e-06,0.00034576614052639343,-0.24769698083400726,16
0.8687521163374186,0.5407275445759296,1.1552402572334586e-06,0.00029193085174483713,0.0825101938098669,0.7678005546331406,0.2683558985590935,1.1052948778456084e-06,0.0002792376180877909,0.04449005424976349,17
0.8254574108868837,0.4727057400159538,1.2021693223118746e-06,0.0003028488090421888,-0.03915833681821823,0.8776373267173767,0.5330577194690704,1.0172428872579076e-06,0.0003103041999565903,-0.08920779824256897,18
0.8441782556474209,0.5210641026496887,1.196608636178098e-06,0.00029606807129312074,0.051630619913339615,0.8321900740265846,0.4935894049704075,1.1287372956303443e-06,0.00028835070406785235,0.015426896512508392,19
0.8721674997359514,0.5484165828675032,1.1684589278360136e-06,0.0002906276849898859,0.09797178767621517,0.8768185824155807,0.5269915983080864,1.0852005090100647e-06,0.0004292036028346047,-2.82091161608696,20
0.8745767138898373,0.5599240530282259,1.1976860303519743e-06,0.0002910694638558198,0.09859246201813221,0.878758430480957,0.5587622225284576,1.0448161589238225e-06,0.00029438484853017144,-0.038052454590797424,21
0.8779261186718941,0.5623637717217207,1.1855624713064117e-06,0.000288821864160127,0.10229532234370708,0.7456500604748726,0.42197827622294426,1.109944719246414e-06,0.00030193869315553457,-0.005729295313358307,22
0.8793455772101879,0.571927516721189,1.1669155082216776e-06,0.00028734636180161033,0.10644819959998131,0.8749456256628036,0.5469869077205658,1.0949428883577639e-06,0.0002725239100982435,0.11773914098739624,23
0.8832078725099564,0.5756977144628763,1.1501084937748374e-06,0.00028393980574037414,0.11972707323729992,0.884295642375946,0.5637818574905396,1.0403793453406252e-06,0.0002823813592840452,0.12826044857501984,0
0.8834604453295469,0.5762529671192169,1.1450243846411468e-06,0.00028269232461752836,0.11987443082034588,0.8553714454174042,0.401758324354887,1.0799975953545982e-06,0.0002716475100896787,0.06548979878425598,1
0.8849453683942556,0.5777081958949566,1.1647993076735474e-06,0.00028448845932871336,0.1248682513833046,0.7868190035223961,0.34484290704131126,1.4785185697974157e-06,0.0005046816550020594,-6.633432447910309,2
0.8865156695246696,0.58427644520998,1.1478849550883297e-06,0.0002824896037054714,0.11951635219156742,0.8880423083901405,0.56370410323143,1.0587786078986028e-06,0.000348823636159068,-1.6513237357139587,0
0.8880347516387701,0.5883661583065987,1.1621313706910996e-06,0.0002824083048835746,0.1384822614490986,0.8839523643255234,0.5643832385540009,1.0125801139793111e-06,0.0003045425073651131,-0.36718569695949554,1
0.8894560374319553,0.5948855374008417,1.1702570255067712e-06,0.0002817821068674675,0.1348317414522171,0.877554751932621,0.5500691011548042,1.0771057645797555e-06,0.000359420693712309,-1.9980096220970154,2
0.8892561160027981,0.5969069413840771,1.1362155474259339e-06,0.0002788443516692496,0.13515841402113438,0.851515032351017,0.5269728600978851,1.143163672168157e-06,0.00028123496667831205,-0.020108431577682495,3
0.8909653816372156,0.6004488132894039,1.1544318336831338e-06,0.00028039956850989256,0.1443982683122158,0.8905338943004608,0.5930157527327538,1.0158903975820976e-06,0.0002836644016497303,0.06158176809549332,0
0.8917578477412462,0.5991049334406853,1.1397266082013857e-06,0.00027942038150285953,0.13847709447145462,0.852492094039917,0.47722892835736275,1.064356418112311e-06,0.0002836038256646134,0.12922509759664536,1
0.8920800294727087,0.6012846287339926,1.139400562344406e-06,0.00027869609266417683,0.14047093130648136,0.8926741406321526,0.5868944302201271,1.0485811685612134e-06,0.000270821639787755,0.15636830031871796,0
0.8917520083487034,0.6009646560996771,1.1535714499188998e-06,0.00028021373464071075,0.14259913004934788,0.8877890706062317,0.5897120088338852,1.0450887586443969e-06,0.00027066536858910695,0.14280911535024643,1
0.8917666859924793,0.5987258404493332,1.1498780772001282e-06,0.00028036943967890693,0.14818174205720425,0.8825193643569946,0.5519740730524063,1.0336145663814023e-06,0.0002776191831799224,0.03053070604801178,2
0.8916462603956461,0.5978517215698957,1.1456348083527246e-06,0.00028009664583805716,0.14333810470998287,0.8863446339964867,0.5715112239122391,1.0067895246379521e-06,0.00027730695728678256,0.035909079015254974,3
0.891027981415391,0.5969507414847612,1.1598104059373782e-06,0.0002803539086926321,0.14689329080283642,0.8848297744989395,0.5581391230225563,1.0253919739966477e-06,0.0002763604679785203,0.10538365691900253,4
0.8916060328483582,0.5965171586722136,1.145893735454706e-06,0.00028030621297148173,0.14690307341516018,0.8832030892372131,0.5894335955381393,1.058417957722213e-06,0.0002675221985555254,0.15407510101795197,5
0.8918723091483116,0.5968764945864677,1.1643358313051522e-06,0.0002808595245369361,0.14900262467563152,0.8826752528548241,0.5556445643305779,1.124340222702358e-06,0.000281520977296168,0.03891757130622864,6
0.8916342332959175,0.5966380685567856,1.1763127272246265e-06,0.00028165130242996383,0.14791418239474297,0.8856472373008728,0.5650609061121941,1.0051145196143807e-06,0.0002797265951812733,0.04554108530282974,7
0.8917497880756855,0.5972973350435495,1.1630692924313735e-06,0.00028168085009383503,0.14625246450304985,0.8841101452708244,0.554143026471138,1.0204511013967021e-06,0.0002730253654590342,0.061226971447467804,8
0.8915754444897175,0.5965759214013815,1.1752915174412237e-06,0.0002829859931807732,0.1469828374683857,0.8718188926577568,0.582696408033371,1.1159571471353047e-06,0.00027661420608637854,0.044981054961681366,9
0.8903368227183819,0.591612221673131,1.1517883393707962e-06,0.0002814949489220453,0.14617930352687836,0.8837926089763641,0.5789606645703316,1.0631030917807038e-06,0.0002839509616023861,0.13145548850297928,10
0.890808442607522,0.5934564359486103,1.1480084616266595e-06,0.0002807136802402965,0.14980790205299854,0.8812538683414459,0.5790300667285919,1.097724350529461e-06,0.0002866853610612452,0.08107239753007889,11
0.8914681542664766,0.5980073120445013,1.1445764958040172e-06,0.0002801487989927409,0.15202483162283897,0.8862235695123672,0.5676053166389465,1.0975813964364534e-06,0.000270589272986399,0.07897773385047913,12
0.8918921072036028,0.5980087276548147,1.1593638902240855e-06,0.00028168076551082777,0.1484815590083599,0.879182755947113,0.5481431782245636,9.963150802150267e-07,0.0003158391591568943,-0.38336990773677826,13
0.8917287550866604,0.5963193345814943,1.154295796723659e-06,0.00028112177506045555,0.14812696166336536,0.8796560391783714,0.5892717987298965,1.1134476523011472e-06,0.0002766903744486626,0.0535518154501915,14
0.8918709717690945,0.5986598338931799,1.1530023584782612e-06,0.0002802115704980679,0.14914967119693756,0.8818903788924217,0.556911788880825,1.0987663756623078e-06,0.0002700808818190126,0.09856025129556656,15
0.8911800347268581,0.5969542413949966,1.1447343517545505e-06,0.0002801285386340169,0.14762110821902752,0.8744242265820503,0.5573963820934296,1.1491982263578393e-06,0.00028293953437241726,-0.01576550304889679,16
0.8916301168501377,0.5982828065752983,1.162243666641416e-06,0.00028219923024153104,0.1490593571215868,0.8845398500561714,0.5643604695796967,1.073668016715601e-06,0.0002676334661373403,0.1500384882092476,17
0.8921068012714386,0.5983090754598379,1.165908011913075e-06,0.0002809930788316706,0.14641289040446281,0.8818745240569115,0.5520840138196945,1.0668241898770248e-06,0.00026846987566386815,0.1368340402841568,18
0.892126927152276,0.5990552734583616,1.1451187358346715e-06,0.0002801385389830102,0.15092424303293228,0.8803033605217934,0.544749803841114,1.0007161819203247e-06,0.0003154733421979472,-0.3172450661659241,19
0.8916226215660572,0.5974888633936644,1.1500085470572685e-06,0.0002810610312735662,0.14747846126556396,0.8703892827033997,0.5264309123158455,1.0585278005237342e-06,0.00028787897099391557,0.10992375761270523,20
0.891837190836668,0.5982179790735245,1.1549956120404659e-06,0.00028233707507752115,0.14838092774152756,0.8708003163337708,0.5822990983724594,1.149456586801989e-06,0.0002833166690834332,-0.03224489092826843,21
0.8921636771410704,0.5994768496602774,1.1863551794277782e-06,0.00028287890972933383,0.14883400686085224,0.8867635428905487,0.5743407756090164,9.842300414675265e-07,0.0003231739938200917,-0.258444607257843,22
0.8914100881665945,0.597344160079956,1.145164787885733e-06,0.00028052468951500487,0.14827230386435986,0.8654917329549789,0.5589047521352768,1.0770094718282053e-06,0.00028318514159764163,0.09075594693422318,23
0.8916285205632448,0.5994529537856579,1.1512135440483462e-06,0.00028078251853003167,0.149264520034194,0.8857932016253471,0.5615388303995132,1.0046854939105287e-06,0.0002918997597589623,-0.09561990201473236,24
0.89236731082201,0.5995886493474245,1.1426813504300526e-06,0.00027972919269814156,0.14980272203683853,0.8856612369418144,0.5812010392546654,1.045292982837509e-06,0.000276146693067858,0.15270090103149414,25
0.8920135423541069,0.5978503599762917,1.1414756535543802e-06,0.00027981679704680573,0.14923571981489658,0.8793798610568047,0.5388813689351082,1.0004533876895039e-06,0.00029658526545972563,-0.15513160824775696,26
0.8912851475179195,0.5988577269017696,1.1395289902793593e-06,0.0002794737170006556,0.14942708797752857,0.8660955429077148,0.558270201086998,1.08996912473458e-06,0.00028374138855724595,0.08301685750484467,27
0.8917154725641012,0.5978442300111055,1.1406071056541123e-06,0.0002794762453959265,0.14936253987252712,0.8770528808236122,0.569345086812973,1.1186388135797642e-06,0.0002831591627909802,0.04392038285732269,28
0.8919550999999046,0.5968374442309141,1.1475649941417032e-06,0.00028003925763187,0.1489240787923336,0.8847388327121735,0.561282567679882,1.008961639570316e-06,0.00028190261582494713,0.054817140102386475,29
0.8917951565235853,0.5984988529235125,1.1490887761311797e-06,0.0002803836405291804,0.14959256909787655,0.8831252083182335,0.5469651520252228,1.0031456127990168e-06,0.00028713836582028307,-0.1577196568250656,30
0.8920620866119862,0.5996480844914913,1.1378487023705475e-06,0.00027942554970650235,0.14753880724310875,0.8608114868402481,0.5685040354728699,1.101966354610795e-06,0.0002780824725050479,0.06794743239879608,31
0.8919182866811752,0.5978934913873672,1.1525007366230966e-06,0.0002811068106893799,0.1490524560213089,0.8816473856568336,0.5659906938672066,1.0089034745419667e-06,0.0002892308766604401,0.0649375393986702,32
0.8920376356691122,0.5992514621466398,1.148662169825343e-06,0.00028005653712170897,0.15213890746235847,0.8842597752809525,0.5895504653453827,1.1340757311018024e-06,0.0002811430676956661,0.012186706066131592,33
0.8920654579997063,0.5990328043699265,1.1382903846168801e-06,0.00027978663092653733,0.14974642172455788,0.8780001252889633,0.542163074016571,9.972958707749058e-07,0.0003082300863752607,-0.27242013812065125,34
0.8923204857856035,0.5999350398778915,1.1775113133438708e-06,0.0002823749259732722,0.15046552196145058,0.8781205117702484,0.5435851886868477,1.0837167536692505e-06,0.0002719859294302296,0.12383223325014114,35
0.8921777959913015,0.5994974635541439,1.166448749145843e-06,0.00028196521452628076,0.14846868254244328,0.8821979314088821,0.5663006827235222,1.1667703176954092e-06,0.0002857171821233351,-0.08191286027431488,36
0.8913300912827253,0.5973918382078409,1.1355415345803976e-06,0.0002792168443193077,0.1504896730184555,0.883086122572422,0.5580670535564423,1.1426230273059446e-06,0.00027982958636130206,0.016780264675617218,37
0.8909898865967989,0.6010615490376949,1.1441272960155402e-06,0.0002802331291604787,0.14649848639965057,0.8907765001058578,0.5954817235469818,1.0683152424917353e-06,0.00027430087357060984,0.1455114260315895,38
0.890812186524272,0.6023494377732277,1.173027539991267e-06,0.00028230392581463093,0.14607727341353893,0.8797407373785973,0.5450219139456749,9.935704525787514e-07,0.0003470141928119119,-0.6588296592235565,39
0.8911042120307684,0.6024694740772247,1.166092228999105e-06,0.0002823480735969497,0.14750728197395802,0.8814185261726379,0.5595625787973404,1.0120175488737004e-06,0.0003691016318043694,-1.467019647359848,40
0.8915080949664116,0.6029100064188242,1.1424625068201522e-06,0.00028026168274664087,0.1403705719858408,0.8773789033293724,0.5607907846570015,1.1589893915697758e-06,0.0002850345663318876,-0.06477603316307068,41
0.8908675871789455,0.6008953582495451,1.1397635724108568e-06,0.0002796540202325559,0.1491552460938692,0.8801740631461143,0.5596545338630676,1.053509841142386e-06,0.0002722938224906102,0.10216574370861053,42
0.8911644387990236,0.6020312309265137,1.1537339226208587e-06,0.00028052598145222873,0.14607683010399342,0.8814200535416603,0.5492811873555183,1.0103001386596588e-06,0.00029574248037533835,-0.08818399906158447,43
0.8910345677286386,0.6018911190330982,1.1684891774166317e-06,0.0002811791587191692,0.14552848413586617,0.8780622780323029,0.5783244222402573,1.1096580649905263e-06,0.00027461780337034725,0.09173598140478134,44
0.8915925696492195,0.6026801858097315,1.1521666039016054e-06,0.00028034235583618283,0.15212724916636944,0.8584523648023605,0.506134495139122,1.0329126496344543e-06,0.00032060413286671974,-0.4804932177066803,45
0.8913443740457296,0.5993505083024502,1.1466779064051025e-06,0.00028058721545676235,0.14986399561166763,0.8267030194401741,0.5400562360882759,1.1355375022503722e-06,0.00028273982752580196,-0.0022299811244010925,46
0.8916803430765867,0.6029789205640554,1.1483391251232433e-06,0.00028080841821065405,0.15134777128696442,0.8741813972592354,0.5329789966344833,1.0360483670979193e-06,0.0002915094555646647,-0.049320466816425323,47
0.8911104816943407,0.5998472794890404,1.149389868615458e-06,0.00028066314916941337,0.14668642543256283,0.8621911033987999,0.5563070699572563,1.1511726825119695e-06,0.0002835674458765425,-0.027378156781196594,48
0.8918276745826006,0.602264316752553,1.141632839818385e-06,0.00027890651290363166,0.15038338117301464,0.888825036585331,0.5988192409276962,1.0718003693455103e-06,0.00026755336693895515,0.14955516159534454,49
0.8921781182289124,0.603173017501831,1.152556047046005e-06,0.000280818477676803,0.1530180387198925,0.8781316727399826,0.5603846162557602,1.0834531281034288e-06,0.0002749880986812059,0.11630160361528397,50
0.8909711856395006,0.6014349889010191,1.1783189037828379e-06,0.0002822538845066447,0.14671159908175468,0.847337894141674,0.5354672893881798,1.0268028844961918e-06,0.000424607474997174,-1.2007605731487274,51
0.8920475356280804,0.6022776737809181,1.1395355574705945e-06,0.0002788975034491159,0.15328596159815788,0.8812852054834366,0.5763697475194931,1.0659082505526385e-06,0.0002772450061456766,0.13906344026327133,52
0.8921643793582916,0.6037850417196751,1.1511964181920575e-06,0.0002798970499497955,0.14834677055478096,0.8841130882501602,0.5614885240793228,1.1322868900265348e-06,0.0002774322347249836,0.02199486643075943,53
0.8906206265091896,0.5969574172049761,1.167436245452791e-06,0.00028147173225079314,0.1460450142621994,0.8695405647158623,0.5689113661646843,1.1410827056579365e-06,0.0002815552070387639,-0.0037614181637763977,54
0.8919422551989555,0.6017105188220739,1.1417308858341357e-06,0.00027970892642770195,0.14930779486894608,0.8901502713561058,0.5821961089968681,9.878492619463941e-07,0.0002924090440501459,-0.13616858422756195,55
0.8923268280923367,0.6028974540531635,1.1437954920978655e-06,0.0002793771409415058,0.14937939308583736,0.8707324415445328,0.5717154964804649,1.1266748174421082e-06,0.00027972487441729754,0.037837348878383636,56
0.8920055329799652,0.6017537545412779,1.1343194481483465e-06,0.00027854372183355736,0.1504199169576168,0.8801280334591866,0.552250050008297,9.85330494529535e-07,0.0003219421923859045,-0.4628079980611801,57
0.8912936858832836,0.5980134811252356,1.1548561911212119e-06,0.0002810096052598965,0.14820569939911366,0.8781097754836082,0.5796289220452309,1.1482699946441244e-06,0.0002822944225044921,-0.020182281732559204,58
0.8921521231532097,0.60149185359478,1.1491760876225499e-06,0.0002797227452902007,0.15160573832690716,0.8785000070929527,0.5695323944091797,1.089973913792619e-06,0.0002760582938208245,0.11141897737979889,59
0.892132043838501,0.6015390958636999,1.1429739554813523e-06,0.0002789502505038399,0.15030916035175323,0.8810476064682007,0.5539835765957832,1.1099229908495545e-06,0.0002723479447013233,0.09738679230213165,60
0.8921631965786219,0.601413406431675,1.1424263544057567e-06,0.0002794804713630583,0.14936482161283493,0.8811003416776657,0.5590498745441437,1.1071061152279071e-06,0.000273309437034186,0.09075693786144257,61
0.8921478241682053,0.6016026493161917,1.155391187168675e-06,0.00028107955904488335,0.15142840705811977,0.8739796057343483,0.5344376191496849,1.006582898810393e-06,0.00032871604707906954,-0.5928864032030106,62
0.8916209284216166,0.6015107911080122,1.1435338187482103e-06,0.0002795860755213653,0.1484699696302414,0.8780190497636795,0.5391027554869652,1.0134205297163135e-06,0.0002762888325378299,0.031844332814216614,63
0.8892785888165236,0.5868388172239065,1.164243972340273e-06,0.00028094125582356355,0.14855165779590607,0.8753043189644814,0.5628964826464653,1.0934430392239847e-06,0.0002746291138464585,0.12202441692352295,64
0.88971639983356,0.5864421669393778,1.15558975011254e-06,0.0002812613397509267,0.1511786635965109,0.8760255053639412,0.532325305044651,1.00938520120053e-06,0.00032145606019184925,-0.32603369653224945,65
0.8897197302430868,0.5883033089339733,1.1592464144172254e-06,0.000282739068097726,0.1493306178599596,0.8607706427574158,0.5384035632014275,1.137172240817108e-06,0.0005929312683292665,-3.248056083917618,66
0.8902535662055016,0.5885655656456947,1.1551940133358585e-06,0.0002816855076162028,0.14936711825430393,0.8778857514262199,0.5382756441831589,1.1119504037537808e-06,0.0002735745001700707,0.09440512955188751,67
0.8907808195799589,0.5903204251080751,1.1544947380315307e-06,0.00027968426775260014,0.14964169077575207,0.8737748935818672,0.521555207669735,1.01919614792223e-06,0.000287174236291321,-0.02179373800754547,68
0.8899197168648243,0.5879997536540031,1.1529531604992371e-06,0.00028102263968321495,0.1489960327744484,0.8673597201704979,0.5414232835173607,1.039808168457057e-06,0.0004483182419789955,-1.8289989531040192,69
0.8901464510709047,0.58918665535748,1.1706675095979335e-06,0.00028184736765979324,0.14850841648876667,0.8854793235659599,0.5555990636348724,1.0845319877716975e-06,0.0002675754913070705,0.12532652914524078,70
0.8904523774981499,0.5892198383808136,1.1399212720419882e-06,0.0002803067882268806,0.14862370863556862,0.8824308216571808,0.554793693125248,1.061902509036372e-06,0.0002772935986286029,0.1327473372220993,71
0.8907650038599968,0.5904290396720171,1.1431873634393241e-06,0.00028008288518321933,0.15006803534924984,0.8766013234853745,0.5255134776234627,1.1063061648997063e-06,0.0002738804978434928,0.07126390188932419,72
0.8906973004341125,0.5915773957967758,1.1444057452791867e-06,0.00028062722503818804,0.15061773546040058,0.8821717500686646,0.5704850628972054,1.1232483103640334e-06,0.0002800145884975791,0.03581462800502777,73
0.8907845709472895,0.5909301657229662,1.141307775398559e-06,0.0002796347330331628,0.1505170650780201,0.8763762786984444,0.5324570909142494,1.1548777649750264e-06,0.0002837811625795439,-0.03992490470409393,74
0.8904455602169037,0.5894962102174759,1.1654624962886828e-06,0.0002820362510647101,0.14852971583604813,0.8692700937390327,0.5295526459813118,1.1679254257046523e-06,0.0002874095371225849,-0.08403429388999939,75
0.8905758894979954,0.5921773463487625,1.1554542087566233e-06,0.00028104882085244753,0.1465861313045025,0.8757278248667717,0.5477180629968643,1.1533202552982402e-06,0.00028335208480712026,-0.03079397976398468,76
0.8889533542096615,0.5870440229773521,1.1744678118930096e-06,0.00028374302655720385,0.1486747544258833,0.8823808953166008,0.5571985319256783,1.0427279448776972e-06,0.00027923496236326173,-0.03029213845729828,77
0.8904038108885288,0.5916406083852053,1.1499327587927155e-06,0.0002810277583193965,0.1473994478583336,0.8840924650430679,0.5494673475623131,1.009132041929206e-06,0.0002767591649899259,0.04860249161720276,78
0.890386912971735,0.5909269955009222,1.146924068606836e-06,0.00028030820521962596,0.14813373982906342,0.8768356293439865,0.5315205752849579,1.1380462723309392e-06,0.0002835067607520614,0.01794695109128952,79
0.8897248208522797,0.5885526519268751,1.154378031387182e-06,0.00028140597123638145,0.15073461458086967,0.8746514692902565,0.5289102047681808,1.0149488147703778e-06,0.0003075714557780884,-0.2752188593149185,80
0.8906289022415876,0.593521112576127,1.1694335384504484e-06,0.00028287401892157504,0.14858702197670937,0.8775526210665703,0.5349213480949402,1.0347429721946355e-06,0.00029390732015599497,-0.07709452509880066,81
0.8900779727846384,0.590966559946537,1.1603310419161517e-06,0.0002827474536388763,0.14611844159662724,0.8731313049793243,0.5274964049458504,1.023704008673576e-06,0.0003658355853985995,-1.3422219157218933,82
0.8911844547837973,0.5945001672953367,1.1503826922165672e-06,0.0002804523128361325,0.14893296547234058,0.8804925009608269,0.5506060495972633,1.0017877087875604e-06,0.00031664027483202517,-0.47526296973228455,83
0.8908839374780655,0.5923104640096426,1.1656904508328125e-06,0.0002821545867845998,0.15082159265875816,0.8718873113393784,0.5308674350380898,1.134600999819213e-06,0.0005819460347993299,-3.3534041047096252,84
0.8908218089491129,0.5924180932343006,1.1348251156562128e-06,0.0002791810152302787,0.1502191573381424,0.8799649104475975,0.542165569961071,1.1405348345761013e-06,0.0002796849439619109,0.016321778297424316,85
0.8909719549119473,0.593786183744669,1.1466501010914953e-06,0.00028018941929985886,0.1497373152524233,0.8743055239319801,0.5198340564966202,1.0219404558142742e-06,0.0002774432250589598,-0.0016998648643493652,86
0.8906916938722134,0.5918582119047642,1.1406655566759127e-06,0.0002799259473249549,0.1481885127723217,0.8847111091017723,0.5568411275744438,1.0070138642959137e-06,0.0002852209872798994,-0.10895726084709167,87
0.8902374617755413,0.5910999476909637,1.1440468572487816e-06,0.0002800784236569598,0.14839807897806168,0.8843442425131798,0.5830868482589722,1.1322714286166047e-06,0.00027774119735113345,0.027333110570907593,88
0.8909256756305695,0.5935751348733902,1.1357165643488543e-06,0.0002796922790366807,0.15185531973838806,0.8822833076119423,0.5575552135705948,1.006399756420251e-06,0.0003034481851500459,-0.42635613679885864,89
0.8910723477602005,0.5930573083460331,1.1389306191489368e-06,0.0002796282997223898,0.1487795878201723,0.8825822398066521,0.5533773675560951,1.1465852693959278e-06,0.00028027767621097155,-0.017787441611289978,90
0.8908035960048437,0.592209342867136,1.1619928681483316e-06,0.00028207604327690206,0.1477141324430704,0.873870812356472,0.5371566340327263,1.0192715649282036e-06,0.0004070875729667023,-1.5501931011676788,91
0.891034722328186,0.594018904492259,1.158478900364912e-06,0.0002812696848195628,0.14943629689514637,0.882146917283535,0.548219159245491,1.074837648218363e-06,0.0002676144940778613,0.1217234656214714,92
0.8907680846750736,0.5929981078952551,1.1486553699313617e-06,0.0002808361923598568,0.1461089551448822,0.8735452368855476,0.5298479869961739,1.0533802878853749e-06,0.00028299165933276527,0.0882396548986435,93
0.8906012400984764,0.5916316322982311,1.1704687850055961e-06,0.00028140173799329204,0.1496004667133093,0.8780044615268707,0.5391373038291931,9.962506339888932e-07,0.0003319289789942559,-0.5591264814138412,94
0.8883032258599997,0.5875658858567476,1.1468032177219811e-06,0.00028136573109804885,0.14602714031934738,0.8865004628896713,0.5843951553106308,1.0594100601224454e-06,0.00027490616048453376,0.14837028086185455,95
0.8910289965569973,0.5945194233208895,1.1479033084071943e-06,0.00028015306270390283,0.1488916240632534,0.8828074857592583,0.5806971192359924,1.13423565295534e-06,0.0002757348156592343,0.0362723171710968,96
0.8909887373447418,0.5933989509940147,1.1463991516080796e-06,0.00028045527415088145,0.1496268529444933,0.8495633378624916,0.5272381827235222,1.1501635341915062e-06,0.000284307447145693,-0.028636083006858826,97
0.8911839760839939,0.5948359239846468,1.1421614551920811e-06,0.0002806585303005704,0.14871268533170223,0.8691750392317772,0.5184655487537384,1.0239910324116863e-06,0.00039912865759106353,-1.3970046043395996,98
0.890343364328146,0.5929105747491121,1.1447999117564223e-06,0.00028011435506414273,0.15020708180963993,0.8696139603853226,0.5119112730026245,9.93473896926389e-07,0.0003079225862165913,-0.23501798510551453,99
0.8911547008901834,0.5946348998695612,1.161678849115333e-06,0.000281313756659074,0.14972366765141487,0.8748110756278038,0.5351008698344231,9.932341811236256e-07,0.000317080324748531,-0.36024564504623413,100
0.8910958934575319,0.5935792662203312,1.160051864346201e-06,0.00028040419056196697,0.1497947983443737,0.8801875114440918,0.5498167648911476,1.0037664921469514e-06,0.0002991107430716511,0.0842198058962822,101
0.8910679928958416,0.5932186730206013,1.173868446002757e-06,0.00028149479021521984,0.1515140552073717,0.8742654994130135,0.5573875084519386,1.0311738947166305e-06,0.0003044542027055286,0.03818283975124359,102
0.8912512511014938,0.5933912862092257,1.1403822064437463e-06,0.00027929288989980705,0.15266738459467888,0.8876601755619049,0.5749141573905945,1.094993955064183e-06,0.00027089595278084744,0.11430570483207703,103
0.8910268750041723,0.593252768740058,1.1487582280977904e-06,0.00028018118973704986,0.15162865072488785,0.8728209733963013,0.5345130860805511,1.1635145469313102e-06,0.0002869265554181766,-0.06975387036800385,104
0.8902747966349125,0.5888382811099291,1.14611439805401e-06,0.00028071201722923433,0.14902065321803093,0.8630814701318741,0.5293653458356857,1.0801688645756258e-06,0.0005267665183055215,-2.1629558801651,105
0.8907151874154806,0.5922497902065516,1.1443194285476466e-06,0.00028007278342556674,0.15270284190773964,0.8894115313887596,0.5798261165618896,1.0592889481131351e-06,0.000266199209363549,0.13512834906578064,106
0.8909538388252258,0.5932707525789738,1.1444107173019802e-06,0.0002804204705171287,0.14830674976110458,0.8802937269210815,0.5429278314113617,1.1411111060510848e-06,0.0002803008319460787,-0.014667302370071411,107
0.8909687828272581,0.5929235052317381,1.1581790602122055e-06,0.00028084786663384875,0.15105748921632767,0.8791419342160225,0.5803333222866058,1.1108019890571086e-06,0.00027281551956548356,0.0909283459186554,108
0.8911018893122673,0.5938416384160519,1.136018925151916e-06,0.000279382905773673,0.1490820050239563,0.884902685880661,0.5685389712452888,1.0508514662888047e-06,0.0002757984329946339,0.14211154729127884,109
0.890895914286375,0.5935706682503223,1.1470005354397017e-06,0.0002805252584039408,0.15076220594346523,0.8818763047456741,0.5559109672904015,1.0948261035537143e-06,0.00026974189677275717,0.11649040877819061,110
0.8912706151604652,0.5948196202516556,1.14274971174666e-06,0.00027973252690571826,0.1494611408561468,0.8717228546738625,0.5309330299496651,1.0019935956506743e-06,0.0003370654958416708,-0.42083849012851715,111
0.8902611006051302,0.5907572619616985,1.1565127771007155e-06,0.00028143227427790407,0.1532042808830738,0.8676785975694656,0.5137673392891884,1.0432214097022552e-06,0.0002802177223202307,0.010176345705986023,112
0.8912344146519899,0.5952284913510084,1.1480063921709416e-06,0.000280889815712726,0.14858125150203705,0.8720304146409035,0.525446854531765,1.0114323885090926e-06,0.00031215632770908996,-0.44724616408348083,113
0.8910616524517536,0.5935787167400122,1.1386275122760026e-06,0.0002792263107949111,0.1472736895084381,0.8885204941034317,0.5839194804430008,1.052467794693257e-06,0.000277380440820707,0.15692290663719177,114
0.8912410046905279,0.5950175933539867,1.1551253393804473e-06,0.00028092522188671865,0.151494013145566,0.8729480877518654,0.5360492765903473,1.1593070254889426e-06,0.0002858359912352171,-0.05833488702774048,115
0.8903747275471687,0.591128645464778,1.1427475641312412e-06,0.00028027325879520504,0.15034011751413345,0.8693792670965195,0.5256900489330292,1.1642017838653373e-06,0.0002879874773498159,-0.07397641241550446,116
0.8913371339440346,0.5947776716202497,1.145148074144231e-06,0.0002802248509397032,0.1513113435357809,0.8770114555954933,0.542416051030159,1.1669692625559946e-06,0.0002858239349734504,-0.07869943976402283,117
0.8915220573544502,0.5944376550614834,1.1489567324218797e-06,0.0002801645823637955,0.15162949077785015,0.8778733760118484,0.5589757412672043,1.0744373000193264e-06,0.0002750705498328898,0.1175641342997551,118
0.8904923889786005,0.5916643925011158,1.1906549275408906e-06,0.0002833329858731304,0.15065519325435162,0.8739311993122101,0.5383069291710854,1.0068354683312464e-06,0.0003250851441407576,-0.6331195831298828,119
0.8911204878240824,0.593890568241477,1.1515469662271016e-06,0.0002804144141919096,0.15102715604007244,0.8783643841743469,0.5657793059945107,1.0296503489826137e-06,0.0003258284559706226,0.010398022830486298,120
0.8907323200255632,0.5947601106017828,1.1411332430100174e-06,0.00027983304198642145,0.14909963682293892,0.8793537765741348,0.5364896729588509,1.1432426063606727e-06,0.0002804180658131372,-0.006895154714584351,121
0.8910964410752058,0.5938499290496111,1.1469616296722052e-06,0.00028042670965078287,0.14850355871021748,0.8792876228690147,0.5326831638813019,9.971185903623336e-07,0.00030107040583970957,-0.11913028359413147,122
0.8914415165781975,0.5942599587142467,1.1621795419358705e-06,0.0002808747740346007,0.15081169456243515,0.8796947300434113,0.5494932681322098,1.0222435946616315e-06,0.00028475710132624954,-0.0351218655705452,123
0.8913486171513796,0.5950859691947699,1.1367583780952373e-06,0.00027931109161727363,0.15089273266494274,0.8760953471064568,0.5364191308617592,1.0055653518747931e-06,0.00029923794500064105,-0.11051370203495026,124
0.8908747918903828,0.5937441885471344,1.13813869795365e-06,0.00027967970481768134,0.15000690706074238,0.8528625220060349,0.5203233510255814,1.0620139860861855e-06,0.0004883748842985369,-2.1651672422885895,125
0.8912967331707478,0.5943270064890385,1.2134196492041838e-06,0.00028304040051807533,0.15184323489665985,0.8796726912260056,0.5675511509180069,1.1114792002331342e-06,0.00027863616924150847,0.07799886167049408,126
0.8910460080951452,0.5935664754360914,1.1500485612714328e-06,0.00028064902926416835,0.1517948303371668,0.8822152614593506,0.553814060986042,1.0093695479440612e-06,0.00030250584677560255,-0.25809165835380554,127
0.8913119155913591,0.5936369337141514,1.1382526334813292e-06,0.00027935932666878216,0.15047427639365196,0.8785138577222824,0.5605183616280556,1.1014833063427432e-06,0.0002750879793893546,0.0706782266497612,128
0.8913857340812683,0.5936232153326273,1.1650064237755942e-06,0.00028188155511088553,0.150906752794981,0.8685843497514725,0.5035996176302433,1.0042689950751083e-06,0.0002847219911927823,-0.038784950971603394,129
0.890770798549056,0.5920867379754782,1.13638781229497e-06,0.00027951833817496663,0.14981137588620186,0.8855183199048042,0.5631701797246933,1.0202252767044229e-06,0.0002700223121792078,0.11397143453359604,130
0.8911310732364655,0.5933926738798618,1.14345206014832e-06,0.0002796842891257256,0.14913722313940525,0.8129402175545692,0.4847586564719677,1.028363236343921e-06,0.0004346196546975989,-1.2713607549667358,131
0.8918184284120798,0.5950173623859882,1.137574997756019e-06,0.00027933583078265656,0.15184788405895233,0.8789812251925468,0.5504013821482658,9.840300876362562e-07,0.00031787040643393993,-0.3212077021598816,132
0.8907017130404711,0.5925670824944973,1.147696707448631e-06,0.0002811141384881921,0.1495380401611328,0.8789938688278198,0.5555705279111862,1.0743913989585963e-06,0.00026801347667060327,0.11921413987874985,133
0.8916844055056572,0.5948567539453506,1.1502360433013337e-06,0.00028005996045976644,0.1543341428041458,0.8829681798815727,0.5658759847283363,9.889647358818365e-07,0.0003222780505893752,-0.37193796038627625,134
0.891124039888382,0.593064097687602,1.1711163629968269e-06,0.0002824555122060701,0.15024170838296413,0.8731735125184059,0.5308711230754852,1.0054527521674572e-06,0.00036962941521778703,-1.0581940710544586,135
0.8914841897785664,0.5936952047049999,1.159203415923571e-06,0.00028057059262209805,0.15128828771412373,0.883107140660286,0.5674346834421158,9.967437790692202e-07,0.0002841031746356748,0.016792267560958862,136
0.8911443576216698,0.595628947019577,1.1574395042401875e-06,0.00028088465114706196,0.1520468220114708,0.8754990473389626,0.5372637435793877,9.994561409598646e-07,0.0003166449569107499,-0.39111657440662384,137
0.8910807240754366,0.5923894103616476,1.1369812948913705e-06,0.00027953277276537847,0.15090274065732956,0.8848015889525414,0.5666154250502586,9.923461661287547e-07,0.00031259826209861785,-0.34875403344631195,138
0.8914055060595274,0.5948152635246515,1.147667408218922e-06,0.00028045906219631433,0.15035265125334263,0.8752113804221153,0.5520700812339783,1.055705482144731e-06,0.0002906219051510561,0.10161732137203217,139
0.8911465033888817,0.5944142285734415,1.1529625538742039e-06,0.00028078763807570795,0.15005687437951565,0.8578419536352158,0.5469614863395691,1.15538554723571e-06,0.0002839949847839307,-0.049261704087257385,140
0.8913685902953148,0.594692662358284,1.1803810036070672e-06,0.0002819324599840911,0.1509359572082758,0.882434755563736,0.5632289871573448,1.141494756495831e-06,0.0002801733498927206,0.0054143741726875305,141
0.8913141284137964,0.5947360619902611,1.1457825710436964e-06,0.00027967367805104004,0.150423314422369,0.874034970998764,0.5354557186365128,1.1663674328588058e-06,0.0002874206365959253,-0.08307632803916931,142
0.8896678108721972,0.5927852485328913,1.1559090768997748e-06,0.0002811185049722553,0.14582432992756367,0.8719778507947922,0.525314949452877,1.0004678188124672e-06,0.0003303047124063596,-0.40206776559352875,143
0.8907891158014536,0.5927643869072199,1.1332964007237933e-06,0.0002787629500744515,0.15251193568110466,0.8741844296455383,0.5300378203392029,1.1607575842731421e-06,0.0002852877660188824,-0.05815356969833374,144
0.8906815182417631,0.5918928235769272,1.1360189873244053e-06,0.00027920464526687283,0.15067209862172604,0.8659209832549095,0.5206435695290565,1.0195407753599284e-06,0.00029230847940198146,0.07195223122835159,145
0.890729758888483,0.5916103795170784,1.1433152291573379e-06,0.00027980747472611256,0.15258148312568665,0.8737435415387154,0.5240852013230324,1.000195936740056e-06,0.0002908357200794853,-0.06405104696750641,146
0.8911812789738178,0.592959450557828,1.1468802529890354e-06,0.00028085304802516475,0.14935466088354588,0.8636496961116791,0.5378827899694443,1.0082364880759087e-06,0.00039604021003469825,-1.0481619536876678,147
0.8910498525947332,0.5929040480405092,1.1449364123450323e-06,0.0002798913110382273,0.15120823681354523,0.8774093464016914,0.5462585315108299,1.165172569983497e-06,0.0002858743246179074,-0.07457244396209717,148
0.8908860832452774,0.5928500816226006,1.1572574081242237e-06,0.0002814651593325834,0.15192941762506962,0.8868015632033348,0.5554998889565468,1.0288205274378015e-06,0.0002660884347278625,0.12448905408382416,149
0.8912404291331768,0.5936093665659428,1.1341123871133618e-06,0.0002788129704640596,0.15147585049271584,0.8798854276537895,0.5403189957141876,9.961222460219687e-07,0.00029294997511897236,-0.12366855144500732,150
0.8904520999640226,0.5906687788665295,1.163616461852257e-06,0.0002823324198288901,0.14794331789016724,0.8795545324683189,0.54936084151268,1.0417181783850538e-06,0.00028220385866006836,0.12235455960035324,151
0.890366718173027,0.5887394063174725,1.1644402633237405e-06,0.0002826075633493019,0.15017390064895153,0.8832622095942497,0.5592900961637497,9.943695715719514e-07,0.0003076095636060927,-0.26285986602306366,152
0.8911551050841808,0.5924249868839979,1.1640765702480849e-06,0.0002821716966536769,0.15032429993152618,0.8601394519209862,0.5629154965281487,1.1229203806806254e-06,0.00027918106570723467,0.04266753047704697,153
0.891077246516943,0.5919042658060789,1.1418924827921728e-06,0.00028003431361867115,0.1532546542584896,0.8814024552702904,0.5462559759616852,1.0342442564592602e-06,0.00026670944316720124,0.09559357166290283,154
0.8912617973983288,0.5926421862095594,1.1530159120809458e-06,0.00028080175252398476,0.15041448175907135,0.8814177587628365,0.5661487802863121,9.878713669309036e-07,0.0003063685762754176,-0.17002765834331512,155
0.8916422929614782,0.5927923191338778,1.141375024715785e-06,0.0002802290905492555,0.15074912272393703,0.8829575851559639,0.5453770831227303,1.0291413801155613e-06,0.00026684621843742207,0.07856246829032898,156
0.8909099884331226,0.5904708057641983,1.160580392678412e-06,0.00028197649044159334,0.1458941400051117,0.8812432959675789,0.562188133597374,9.877880557951357e-07,0.00030757100103073753,-0.0920991450548172,157
0.8910735882818699,0.5918374620378017,1.1393065264542201e-06,0.0002797778497551917,0.15238037332892418,0.8579234704375267,0.5550505965948105,1.16137318428855e-06,0.0002834212136804126,-0.060224905610084534,158
0.8910003639757633,0.591489814221859,1.1813733138410498e-06,0.00028297257358644856,0.1504198405891657,0.881695494055748,0.5537923648953438,9.979594111086953e-07,0.000334536875016056,-0.49658992886543274,159
0.8910730984061956,0.5913046281784773,1.1394619079396762e-06,0.00027980468985333573,0.149944756180048,0.8686332404613495,0.5091013163328171,1.0039464939382015e-06,0.00037556395909632556,-0.5766063183546066,160
0.890602882951498,0.5888856220990419,1.1467151050936764e-06,0.00028023679260513745,0.15069318562746048,0.8760385811328888,0.5397492721676826,1.1659777641170876e-06,0.0002858509324141778,-0.07652033865451813,161
0.8907943479716778,0.5904500372707844,1.1532953170245719e-06,0.0002807926553032303,0.1519695557653904,0.8864511847496033,0.5608615875244141,1.0883382515203266e-06,0.00026927187354885973,0.12902256846427917,162
0.8916178401559591,0.592119986191392,1.149170014258516e-06,0.0002814017439050076,0.151333749294281,0.8657929375767708,0.4934658408164978,1.0037110129701432e-06,0.0003090926584263798,-0.28876061737537384,163
0.890795111656189,0.5916606839746237,1.1403987851821284e-06,0.00028012911934638396,0.1503152046352625,0.8708841055631638,0.5388646721839905,1.1562450197288854e-06,0.00028556733013829216,-0.047198981046676636,164
0.8917392399162054,0.5915973875671625,1.1511517659101855e-06,0.0002805595081554202,0.15450595505535603,0.8884129151701927,0.5661511570215225,1.0863530448546044e-06,0.0002694953545869794,0.11992651224136353,165
0.8912565000355244,0.5912785138934851,1.1618161384063797e-06,0.00028168746848677984,0.15161984600126743,0.8812169134616852,0.5543556064367294,1.0047472400742663e-06,0.0003005636281159241,-0.3094728887081146,166
0.8897834271192551,0.5875545479357243,1.1464418463447146e-06,0.0002811864051182056,0.1493285484611988,0.8738014847040176,0.5184246823191643,9.951277988307083e-07,0.0003298572373751085,-0.5827832967042923,167
0.8912699688225985,0.5914191920310259,1.1669209065701125e-06,0.00028123090396547923,0.15028068982064724,0.881325751543045,0.5626616328954697,1.0612252552277823e-06,0.0002784475473163184,0.13560671359300613,168
0.8908255845308304,0.590848570689559,1.1387416929409255e-06,0.0002798278737827786,0.15073132142424583,0.8614369854331017,0.49825964123010635,1.0159873795601015e-06,0.0003376307249709498,-0.4673648923635483,169
0.8908749055117369,0.5915270894765854,1.149616968731948e-06,0.0002808829895002418,0.15238726325333118,0.8847285360097885,0.5654532983899117,9.84667067882583e-07,0.00028261977786314674,-0.12197093665599823,170
0.8910968583077192,0.5921562388539314,1.1410802045475066e-06,0.00027961571049672784,0.15041702426970005,0.8777230232954025,0.5706069096922874,1.1393156498229473e-06,0.0002807092714647297,0.006338112056255341,171
0.8910688497126102,0.5913302320986986,1.1459962241389121e-06,0.0002801419050229015,0.15107492171227932,0.836379662156105,0.5272327736020088,1.0640090053470885e-06,0.0004947006891597994,-1.8770479261875153,172
0.8908434621989727,0.5908304285258055,1.1660453029804785e-06,0.00028318252952885814,0.15107247233390808,0.8651015684008598,0.5288786888122559,1.1708737304161332e-06,0.0002875484642572701,-0.10134844481945038,173
0.89122199639678,0.5918056983500719,1.1350770527940313e-06,0.00027938900575463776,0.1509704627096653,0.8796464651823044,0.5286155045032501,1.0863963595397763e-06,0.00027111997587780934,0.1315845623612404,174
0.8913262020796537,0.5922955293208361,1.1568328357469682e-06,0.00028079821004212135,0.14982530288398266,0.8773929849267006,0.5433843359351158,9.992957643589762e-07,0.0003383213443157729,-0.5995272397994995,175
0.8911518976092339,0.5911473874002695,1.1523742067254261e-06,0.000280953953279095,0.15254133567214012,0.8682304322719574,0.5148555487394333,1.0058295671910855e-06,0.0003646995246526785,-0.8151914030313492,176
0.8911523763090372,0.5910723600536585,1.14491479230594e-06,0.00027969884058620664,0.15186455100774765,0.8760032579302788,0.5375679060816765,9.98270820673497e-07,0.0003496814242680557,-0.5556037276983261,177
0.8912777658551931,0.5918323397636414,1.1440771530146776e-06,0.00028071263477613684,0.1509845368564129,0.8742351680994034,0.5221434831619263,9.805960772268918e-07,0.00031872725594439544,-0.374413400888443,178
0.8905877005308867,0.5912404153496027,1.1613940742449813e-06,0.00028276054763409775,0.14982038736343384,0.8754879087209702,0.5254323109984398,9.972277865699652e-07,0.0003531615875544958,-0.8469435125589371,179
0.8895253110677004,0.5861440449953079,1.1561821118277749e-06,0.0002810645892168395,0.14839321747422218,0.8853664621710777,0.5621373206377029,1.128310032072477e-06,0.0002765255776466802,0.04157937318086624,180
0.8916439451277256,0.5923704095184803,1.1370553263390093e-06,0.00027963821548837586,0.15153822116553783,0.8750926554203033,0.541139543056488,1.0356848179071676e-06,0.0002880522624764126,-0.08064895868301392,181
0.8914645444601774,0.5925414990633726,1.1448944654546267e-06,0.0002803903412313957,0.15100958198308945,0.8816821724176407,0.5752927362918854,1.1328092313078741e-06,0.00027977689751423895,0.014876209199428558,182
0.8908022847026587,0.5916707906872034,1.1407795490470107e-06,0.000279903928458225,0.1511287372559309,0.882140040397644,0.5451890751719475,1.015129733161757e-06,0.0002787459270621184,0.036548979580402374,183
0.8913414608687162,0.5916904006153345,1.134621960829918e-06,0.0002792634604702471,0.15258369967341423,0.8593797013163567,0.5047947615385056,1.1222417342082736e-06,0.00028473310521803796,0.042299509048461914,184
0.8912828732281923,0.5919342469424009,1.1633198031546499e-06,0.00028209694301040145,0.14956654608249664,0.8845307901501656,0.5584102347493172,1.0652313946479808e-06,0.0002800938418658916,0.1414283737540245,185
0.8853559028357267,0.5689735077321529,1.1502409797969904e-06,0.0002821935595420655,0.14910651184618473,0.8800989761948586,0.5467715635895729,1.1210812616013754e-06,0.00027440213307272643,0.06967923790216446,186
0.8888211101293564,0.5827473104000092,1.1476871257798393e-06,0.0002811033191392198,0.1499529555439949,0.8734070435166359,0.5454869940876961,1.0195543680424635e-06,0.00040725494909565896,-1.009648934006691,187
0.8908436764031649,0.5909026395529509,1.141370191248825e-06,0.00028017091699439334,0.15074202604591846,0.8759628906846046,0.5228234753012657,9.942858838485336e-07,0.0003073659536312334,-0.2612325996160507,188
0.8908419478684664,0.592583104968071,1.1546402571838144e-06,0.0002813090372910665,0.15063650533556938,0.8725600838661194,0.5201035663485527,9.97951396186636e-07,0.0003309441090095788,-0.6395345479249954,189
0.8912085201591253,0.5927705895155668,1.1531147094956395e-06,0.0002812152997648809,0.15349802561104298,0.8747119382023811,0.5220853611826897,1.125859540707097e-06,0.0002756647518253885,0.03349751979112625,190
0.8913384545594454,0.5934097673743963,1.1558638242092911e-06,0.0002809807047015056,0.15084830857813358,0.8789090886712074,0.5458091050386429,1.0020407898991834e-06,0.0002961102072731592,-0.167313352227211,191
0.8911112267524004,0.5917072631418705,1.1408954456726406e-06,0.00028028142514813226,0.14784006029367447,0.8760200068354607,0.538189023733139,1.1578253662491989e-06,0.00028556813776958734,-0.04819747805595398,192
0.8908494915813208,0.5925748329609632,1.1415341081288943e-06,0.0002795870177578763,0.15212728083133698,0.8551337346434593,0.5161523297429085,1.0398827328117477e-06,0.00044775736751034856,-1.4815162122249603,193
0.8912908341735601,0.5929652024060488,1.1612186838760863e-06,0.0002809231455103145,0.1510180812329054,0.8812219575047493,0.5365224033594131,1.0304706918873308e-06,0.00028110369021305814,0.0698060616850853,194
0.8906619250774384,0.5915108192712069,1.162835760126768e-06,0.00028171675694466103,0.15114074386656284,0.8670453727245331,0.5049771331250668,1.016683704335719e-06,0.0003142278001178056,-0.32664601504802704,195
0.890744723379612,0.5920472908765078,1.1505618093821113e-06,0.00028101024918214534,0.14992052502930164,0.877886600792408,0.5479386672377586,1.157205595347932e-06,0.000285227350104833,-0.05397482216358185,196
0.8904722183942795,0.5905585046857595,1.163146988503172e-06,0.0002820698355208151,0.14795712381601334,0.8882588818669319,0.5799069777131081,1.102472140246391e-06,0.00027018547007173765,0.09828945249319077,197
0.8910093568265438,0.5924799758940935,1.1416051091117652e-06,0.00027993281446470064,0.15157120488584042,0.8805300071835518,0.5428442135453224,1.055003288286116e-06,0.0002730375126702711,0.13346678018569946,198
0.8913391698151827,0.5936627853661776,1.1426903956390788e-06,0.0002796008648147108,0.15382444858551025,0.8682206347584724,0.5077122077345848,1.0279826270220838e-06,0.0002911445881181862,-0.10275349020957947,199
0.8913586363196373,0.5959512311965227,1.1448309162886972e-06,0.0002803876268444583,0.14832107163965702,0.8830605894327164,0.5752963200211525,1.0096218261423928e-06,0.00027416277589509264,0.10431166738271713,200
0.8913154862821102,0.5972753632813692,1.1457805602077542e-06,0.000280761551039177,0.1492885760962963,0.8661001175642014,0.5134000778198242,1.1361112868257806e-06,0.00028005354033666663,0.004343293607234955,201
0.8914854284375906,0.5978553388267756,1.146502521365278e-06,0.00027998496534564765,0.15221485123038292,0.8722750619053841,0.5196868851780891,1.1512783046896402e-06,0.00028201327586430125,-0.016069665551185608,202
0.8906990103423595,0.5965124685317278,1.1405176962853147e-06,0.00027933575665883836,0.15102730505168438,0.8770248591899872,0.5717596337199211,1.1463418800872205e-06,0.0002819424662448,-0.02333754301071167,203
0.8908023051917553,0.5946485530585051,1.1503823884595477e-06,0.00028111578831158113,0.14942245557904243,0.8786257952451706,0.5851189345121384,1.0532158967180294e-06,0.000299942352285143,0.06780008226633072,204
0.891277926042676,0.5976230017840862,1.1381142233091168e-06,0.0002792024688460515,0.15151848085224628,0.8854596614837646,0.5863859355449677,1.048228412514618e-06,0.0002705797851376701,0.13894746452569962,205
0.8913029469549656,0.5981890112161636,1.155492084237153e-06,0.00028103573367843637,0.14973475970327854,0.8809223771095276,0.5876266807317734,1.1069329346469203e-06,0.00027202381716051605,0.09220811724662781,206
0.8915129415690899,0.5991269219666719,1.1530943648807579e-06,0.00028081046730221715,0.15054488368332386,0.8679424226284027,0.5212009772658348,1.164802100106499e-06,0.0002854894883057568,-0.06457056105136871,207
0.8914382439106703,0.5985321681946516,1.1599607816492608e-06,0.00028121825380367227,0.14889376051723957,0.8745798915624619,0.545563280582428,9.940538632235985e-07,0.00036280829590396024,-0.638362467288971,208
0.8916205875575542,0.5987173933535814,1.13666471968088e-06,0.0002793421758724435,0.1514715924859047,0.8775684162974358,0.5238514021039009,1.0056400370217489e-06,0.0002894125682360027,0.03004392236471176,209
0.8918078038841486,0.6000566501170397,1.1522952991782631e-06,0.0002803174056680291,0.15065251104533672,0.8837023302912712,0.5550121665000916,1.0401821910477338e-06,0.0002748629922280088,0.14318247884511948,210
0.8910056483000517,0.5959887448698282,1.1469222958027103e-06,0.00028095519337512087,0.15088790841400623,0.8737795054912567,0.5308218151330948,1.0174208568969334e-06,0.0003037918286281638,-0.18416111171245575,211
0.8909596055746078,0.5969163067638874,1.1371714219166051e-06,0.0002790142116282368,0.15143796615302563,0.8701020330190659,0.5648337230086327,1.1422419703421838e-06,0.0002846754177880939,-0.010135173797607422,212
0.8911779671907425,0.5965062398463488,1.1561684889471735e-06,0.00028045413546351483,0.15191463194787502,0.8707214146852493,0.5259862020611763,1.0491944095747385e-06,0.0002884803725464735,0.028305694460868835,213
0.8910577092319727,0.5973070431500673,1.1454124244636432e-06,0.0002808500430546701,0.1508633103221655,0.8903320804238319,0.5893591344356537,1.0128626044547673e-06,0.00026665521727409214,0.08825168013572693,214
0.8919542841613293,0.6002665981650352,1.1513621007708252e-06,0.0002807915025186958,0.14820631965994835,0.8856473714113235,0.5826862305402756,1.0270875847595562e-06,0.0002688221320568118,0.14587710797786713,215
0.8912818096578121,0.5996780749410391,1.1412918059505728e-06,0.00027972655971097993,0.1511226613074541,0.87540303170681,0.5390356853604317,1.1661956094144443e-06,0.000286662074358901,-0.08363334834575653,216
0.891183840110898,0.5982261523604393,1.1469774889860673e-06,0.00027991788965664455,0.1502490695565939,0.8761930093169212,0.5375787317752838,1.1596605418162653e-06,0.00028700164693873376,-0.05863963067531586,217
0.8910156302154064,0.597994614392519,1.1396777797045843e-06,0.0002795865902953665,0.15084604918956757,0.8745856881141663,0.5310652256011963,9.854052791524737e-07,0.00030792799952905625,-0.25689026713371277,218
0.8914262391626835,0.5990052409470081,1.156714532157821e-06,0.00028139305641161627,0.14888420514762402,0.8802480101585388,0.5535729676485062,1.0412324371600334e-06,0.0002851355202437844,0.11702602356672287,219
0.8913514632731676,0.5981880147010088,1.1399826131963664e-06,0.0002796111348288832,0.15076757036149502,0.8803819343447685,0.5473655611276627,1.104022594233811e-06,0.000273397901764838,0.09930172562599182,220
0.8904823511838913,0.5949586629867554,1.1672530462192299e-06,0.000281426978745003,0.15008216351270676,0.8749886602163315,0.5434341952204704,1.1637578367640344e-06,0.00028768042102456093,-0.07703499495983124,221
0.8913091812282801,0.5979811921715736,1.169879336515578e-06,0.0002814419490277942,0.14865758083760738,0.8802373707294464,0.5551610812544823,1.0117673738818667e-06,0.00031337201289716177,-0.3315621167421341,222
0.8913912605494261,0.5984321180731058,1.152564408357648e-06,0.0002806015563692199,0.14814444817602634,0.8827411457896233,0.5684645473957062,1.1022452923725723e-06,0.00027549880906008184,0.10283082723617554,223
0.8912182822823524,0.5974534079432487,1.1465297600210533e-06,0.0002804706464303308,0.14959869533777237,0.8746960610151291,0.5325329601764679,1.0398862215765803e-06,0.00027104304172098637,0.06953956186771393,224
0.886698393151164,0.5895492266863585,1.1708066143256701e-06,0.0002837268457369646,0.14582340978085995,0.8795609176158905,0.5665351748466492,9.96757663074277e-07,0.00029958190498291515,-0.11660563945770264,225
0.8867843486368656,0.5897266324609518,1.155162074439886e-06,0.0002818624352585175,0.14531434327363968,0.8595932051539421,0.49923206493258476,1.0115604993643501e-06,0.0003616627145675011,-0.4888575077056885,226
0.8871020413935184,0.582102445885539,1.173405719256948e-06,0.00028443007067835424,0.1460813246667385,0.8799968808889389,0.5538763180375099,1.1280793685841672e-06,0.00027517259877640754,0.020005010068416595,227
0.8876954894512892,0.5852752085775137,1.1598766533893468e-06,0.0002825481560648768,0.14454080536961555,0.8795961365103722,0.5567668005824089,1.0904405769451841e-06,0.0002741185307968408,0.09300920367240906,228
0.8892985451966524,0.5879375301301479,1.1370994261739042e-06,0.00027984637426925474,0.15003831684589386,0.8813325688242912,0.5809121206402779,1.0742992486711955e-06,0.00026976939625456,0.1361020803451538,229
0.8900306653231382,0.5900362338870764,1.1426331685271407e-06,0.0002804772548188339,0.14956669323146343,0.8763300105929375,0.534956194460392,1.1622681128642398e-06,0.0002842108624463435,-0.058495283126831055,230
0.8902806304395199,0.5905525255948305,1.13945588076092e-06,0.00027987117937300354,0.14875737763941288,0.8785508126020432,0.5531429424881935,1.1190258462079328e-06,0.00027405818764236756,0.0721784234046936,231
0.8906105570495129,0.5904381293803453,1.1399324275629397e-06,0.0002799822259476059,0.15078426711261272,0.870309516787529,0.5004348680377007,9.975020986985328e-07,0.00032157163150259294,-0.4879532754421234,232
0.8906661625951529,0.5900548752397299,1.143882634835336e-06,0.00028061593820893904,0.1477514300495386,0.8762311488389969,0.5270675346255302,1.1549209517625059e-06,0.0002852011675713584,-0.051406145095825195,233
0.8909022137522697,0.5909620020538568,1.1529002943433397e-06,0.0002810284631777904,0.14682050980627537,0.8806246221065521,0.5466985180974007,1.01064637192394e-06,0.00028810858202632517,0.0164806991815567,234
0.8887389246374369,0.5821847505867481,1.1419601531059698e-06,0.00028093526043448946,0.1473496351391077,0.8830037787556648,0.5641504675149918,1.080792976893008e-06,0.0002700247205211781,0.14068586379289627,235
0.8901944383978844,0.5891594812273979,1.1844537155525359e-06,0.0002833660778378544,0.14961613528430462,0.8778871521353722,0.5578410774469376,1.1030767836928135e-06,0.00027763054094975814,0.08972050994634628,236
0.8909216579049826,0.5896840561181307,1.1563731092678609e-06,0.00028124567097620456,0.149931650608778,0.8826889768242836,0.5757652670145035,1.1169096438834458e-06,0.0002715337359404657,0.07672982662916183,237
0.8907329011708498,0.5895283296704292,1.1531377488438466e-06,0.00028116191515437094,0.1486377976834774,0.8792676478624344,0.5344358533620834,1.1390308856107367e-06,0.00027813650740426965,0.02455439418554306,238
0.890707416459918,0.5895158052444458,1.141536477788918e-06,0.00028044107148161856,0.15104231983423233,0.8762955293059349,0.5194666460156441,9.947148669198214e-07,0.0002857890503946692,-0.1077490746974945,239
0.8904178217053413,0.588825223967433,1.133984755874451e-06,0.0002793500939333171,0.15151571482419968,0.8846861198544502,0.581153430044651,1.0458960346682034e-06,0.0002730362175498158,0.14838045835494995,240
0.8915089629590511,0.5896446537226439,1.133649861984054e-06,0.00027920891170651885,0.1513592079281807,0.8763541132211685,0.54439427703619,1.0160484151811033e-06,0.0003089665806328412,-0.11385011672973633,241
0.8895818069577217,0.5867499206215143,1.1487776685470408e-06,0.0002813910432450939,0.1459898855537176,0.8780894502997398,0.5453852713108063,1.0047707732496747e-06,0.0002898324091802351,0.03359697759151459,242
0.888640221208334,0.5827920287847519,1.1626559270894177e-06,0.00028283711753829266,0.14699863642454147,0.883069783449173,0.5617634728550911,1.0542615953568202e-06,0.0002685096060304204,0.15150099247694016,243
0.890298405662179,0.5877103246748447,1.159470301104193e-06,0.00028232251042936696,0.14842801727354527,0.8615437597036362,0.48379169031977654,1.0005286199543661e-06,0.0002858292828022968,-0.1783931702375412,244
0.8904989827424288,0.5884183626621962,1.1663498149516727e-06,0.0002814795825543115,0.14814328961074352,0.877701424062252,0.5638152360916138,1.1550008949257062e-06,0.0002837003230524715,-0.04515920579433441,245
0.8907601982355118,0.5892000868916512,1.1608672814134025e-06,0.0002805659460136667,0.1498436201363802,0.8429213017225266,0.5238471999764442,1.0709674924669343e-06,0.0005055817382526584,-2.155091345310211,246
0.8905946779996157,0.5877469256520271,1.1384537774716819e-06,0.00027967736423306633,0.1492503471672535,0.8876068592071533,0.5583975985646248,1.0583682126252825e-06,0.0002679490098671522,0.16142384707927704,247
0.8904936295002699,0.5889695342630148,1.134920214695967e-06,0.0002794223446471733,0.14888433180749416,0.8746725618839264,0.5721828043460846,1.0920255633095621e-06,0.00027446282547316514,0.11651372909545898,248
0.8908833507448435,0.5893496926873922,1.1345498016623878e-06,0.00027933801675317227,0.15043166279792786,0.8868285492062569,0.5675707831978798,9.970357766064808e-07,0.0002873749144782778,-0.12682178616523743,249
0.8905865009874105,0.5888266731053591,1.1425960035893468e-06,0.0002805232170430827,0.1496985275298357,0.8809645399451256,0.5532255545258522,1.0003062484997827e-06,0.0002960637830256019,-0.023445986211299896,250
0.8907999750226736,0.5883847344666719,1.1406664430779756e-06,0.0002801968457788462,0.15252161026000977,0.877614788711071,0.5490201115608215,1.0252281867906277e-06,0.0002937752433354035,-0.14236445724964142,251
0.890285512432456,0.5872960556298494,1.1495362386426677e-06,0.00028164258856122615,0.14831032417714596,0.8708719909191132,0.5212213471531868,1.0164942949586475e-06,0.0003181459142069798,-0.25847265124320984,252
0.8907239865511656,0.5890144277364016,1.1450894223941077e-06,0.00028070807184121804,0.14962595514953136,0.8657759130001068,0.5371063575148582,1.040524729489789e-06,0.00047124754928518087,-1.5803674161434174,253
0.8906316254287958,0.5880824029445648,1.1444592082909821e-06,0.0002806409584081848,0.15093960613012314,0.869151882827282,0.5065309330821037,1.1252284082274855e-06,0.0002775759749056306,0.06392894685268402,254
0.8902809415012598,0.587980343028903,1.142256325081803e-06,0.00028059304850103217,0.14879250712692738,0.8667784780263901,0.52567508071661,1.0100159784087737e-06,0.0003437425475567579,-0.4823467284440994,255
0.8908886350691319,0.5895596649497747,1.1528855381470748e-06,0.0002810932483043871,0.15001403540372849,0.8861425668001175,0.5743705704808235,1.0634366631734338e-06,0.00026888959291682113,0.12841493636369705,256
0.8909196145832539,0.5899138394743204,1.1588592112588003e-06,0.0002822584174282383,0.14950530976057053,0.8794720470905304,0.5412164106965065,1.13389234712713e-06,0.00028039083554176614,0.03534023463726044,257
0.8897246643900871,0.5873592793941498,1.194343834498568e-06,0.0002826679105965013,0.14801215194165707,0.8859214335680008,0.5559972152113914,1.093820927167144e-06,0.00027099947146780323,0.1094459518790245,258
0.8907670807093382,0.5892987214028835,1.153887055238556e-06,0.00028099467908759834,0.1484389752149582,0.8723293468356133,0.5310033932328224,1.1541453730501416e-06,0.00028317582109593786,-0.030264034867286682,259
0.8875909820199013,0.5810630656778812,1.184383799923694e-06,0.0002832837299138191,0.14601280726492405,0.8788513317704201,0.5305254310369492,1.1191871251980956e-06,0.00027370873067411594,0.07323820143938065,260
0.8911049161106348,0.5900728907436132,1.1524643834803783e-06,0.0002810417372529628,0.14708396047353745,0.8758154660463333,0.5638190656900406,1.1430271555923355e-06,0.0002819802648446057,-0.012096136808395386,261
0.8909549955278635,0.5897825676947832,1.1680149754056401e-06,0.000281251294836693,0.152480972930789,0.873736247420311,0.537921130657196,1.0191360289013573e-06,0.00031956937891663983,-0.4040783494710922,262
0.8907530046999454,0.5895935725420713,1.1580643608510854e-06,0.0002819332858052803,0.14934258721768856,0.882395051419735,0.5692147314548492,9.784324390693655e-07,0.00030086346669122577,-0.18599055707454681,263
0.8909591417759657,0.5891531594097614,1.1603248815106326e-06,0.00028072118630007026,0.14832604117691517,0.8703886717557907,0.526340514421463,1.157991199818298e-06,0.00028598582139238715,-0.04871518909931183,264
0.8909664060920477,0.58922946639359,1.1402365664991976e-06,0.0002797731435748574,0.15140539593994617,0.8805241584777832,0.5451404750347137,1.0982902480805024e-06,0.00027242087526246905,0.09027764201164246,265
0.8907707333564758,0.5890694689005613,1.1430030628645227e-06,0.00028032581985826255,0.1492845918983221,0.8750093877315521,0.5332728698849678,1.0262140150985033e-06,0.00027573282932280563,0.062172651290893555,266
0.8913740403950214,0.5904133915901184,1.139843561759335e-06,0.0002797019342324347,0.15192792192101479,0.877979651093483,0.5429799184203148,1.013199451449509e-06,0.000294820754788816,-0.12259702384471893,267
0.8899833802133799,0.5857065990567207,1.1965276467407193e-06,0.0002832561508512299,0.14887665584683418,0.8830268830060959,0.5721830129623413,1.0587379151161258e-06,0.00026789959338202607,0.14764044433832169,268
0.8906544633209705,0.5876649953424931,1.1556588965788706e-06,0.0002815126513269206,0.1483510583639145,0.8820274174213409,0.5541645139455795,1.0516592467979535e-06,0.0002830773373716511,0.01847808063030243,269
0.8908003214746714,0.5881025101989508,1.134228673649318e-06,0.0002794151837406389,0.14865687489509583,0.875719927251339,0.5451154410839081,1.1583416892335663e-06,0.00028404764088918455,-0.05879597365856171,270
0.8904485367238522,0.5866627153009176,1.1698632125245467e-06,0.0002817201943798864,0.14852411672472954,0.8836733251810074,0.5609860494732857,1.0713101374904e-06,0.00026773091303766705,0.14823995530605316,271
0.8911149352788925,0.5889636240899563,1.1355328890516603e-06,0.00027945302599619026,0.1522259470075369,0.8725750967860222,0.5554549470543861,1.1414040201884745e-06,0.0002820517656800803,-0.006061293184757233,272
0.8908972721546888,0.5880486685782671,1.160901220487176e-06,0.0002820680338118109,0.1518746931105852,0.8738754540681839,0.5204459652304649,1.0015547715624962e-06,0.0003687175994855352,-0.943094938993454,273
0.8908739816397429,0.588538683950901,1.1520274707521594e-06,0.0002811613339872565,0.14960309118032455,0.8731542006134987,0.5387144014239311,1.0074109439983658e-06,0.0003862095436488744,-1.0640042573213577,274
0.8906593639403582,0.5872299280017614,1.1381923066267063e-06,0.00027976408955510124,0.15058587491512299,0.8865862563252449,0.5794888734817505,9.92602174676449e-07,0.0002950984489871189,-0.006324738264083862,275
0.8909547682851553,0.5891292318701744,1.1751573438800733e-06,0.0002818077573465416,0.14954547211527824,0.8734488114714622,0.5135678052902222,1.0123108324933128e-06,0.0002870012067432981,-0.00014113634824752808,276
0.8910087216645479,0.5887143258005381,1.156741729957389e-06,0.00028187700036141905,0.15080924704670906,0.8790787979960442,0.5505942478775978,1.0041388875947632e-06,0.0003536210242600646,-0.8703126460313797,277
0.8907532580196857,0.5882375314831734,1.1446798762193566e-06,0.0002802055382744584,0.15018531493842602,0.8717963844537735,0.5476163923740387,1.1628900224991412e-06,0.00028645593192777596,-0.06528918445110321,278
0.8903761617839336,0.5864015817642212,1.142097060480296e-06,0.00027947530634264695,0.14945329539477825,0.8804642111063004,0.5432457998394966,1.0293621315327073e-06,0.0002734085646807216,0.12078488618135452,279
0.890826154500246,0.5880544688552618,1.1442040452891433e-06,0.00028036979620083,0.15114032477140427,0.8795941174030304,0.5531925335526466,1.0156574816733155e-06,0.0003132691235805396,-0.28547370433807373,280
0.8911997843533754,0.5885936412960291,1.1327470410549267e-06,0.0002789077830129827,0.1507841721177101,0.8783362433314323,0.5396781340241432,1.1594413180660013e-06,0.00028387537895468995,-0.054315656423568726,281
0.8903159759938717,0.5868157558143139,1.1418276155694684e-06,0.0002799140484057716,0.14936417900025845,0.8776484653353691,0.5586209520697594,1.090301765316326e-06,0.0002769550555967726,0.10504820942878723,282
0.8908153381198645,0.5889520607888699,1.1446587766528182e-06,0.0002806458383020072,0.1516240332275629,0.8803510293364525,0.5429261103272438,1.1283703216236063e-06,0.0002777144436549861,0.04134035110473633,283
0.8909792806953192,0.5897721406072378,1.1539849040786976e-06,0.0002816638143485761,0.1508166529238224,0.8759644255042076,0.5414313226938248,9.961726661344983e-07,0.0002972246875287965,-0.09835468232631683,284
0.8909216113388538,0.5880508683621883,1.1375963069326644e-06,0.000279839351605915,0.14919068664312363,0.8848742619156837,0.548850916326046,1.06135710353783e-06,0.00026835789685719647,0.09749999642372131,285
0.8908895067870617,0.5875011458992958,1.170840340236623e-06,0.0002813692817653646,0.14929301291704178,0.8796616941690445,0.5310032740235329,1.0142390394207723e-06,0.000276881706668064,0.00297749787569046,286
0.890872735530138,0.5873638931661844,1.145106022448772e-06,0.0002803764446071,0.1488104611635208,0.8683475479483604,0.5131250619888306,1.1327562887686327e-06,0.00027945242618443444,0.046410150825977325,287
0.8907468374818563,0.5883765053004026,1.1539942068594655e-06,0.000281108219496673,0.1507115326821804,0.8660243302583694,0.5409474894404411,1.1375980832895038e-06,0.0002792427549138665,0.012126654386520386,288
0.8907051589339972,0.5888073183596134,1.1392051284531135e-06,0.00028008017852698686,0.1492717694491148,0.8814696222543716,0.5581187605857849,1.0381814306015258e-06,0.00028505011505330913,0.04271075129508972,289
0.8906068354845047,0.5884933359920979,1.1515667353023673e-06,0.0002813342689478304,0.14854788593947887,0.8784607946872711,0.5338817238807678,1.0278293913756897e-06,0.00027052106815972365,0.07557059824466705,290
0.8907333128154278,0.589427137747407,1.1496678169464758e-06,0.0002808782073770999,0.15137897245585918,0.8693930879235268,0.5180920660495758,9.99049476035907e-07,0.0003570299668353982,-0.5824488997459412,291
0.8905096407979727,0.5875817500054836,1.1561054851227937e-06,0.00028197845404065447,0.14895125292241573,0.8830486536026001,0.5546910241246223,1.0087080326570685e-06,0.00029087404618621804,-0.17626263201236725,292
0.8907309845089912,0.5869739837944508,1.1418896423975866e-06,0.0002805026924761478,0.15018404461443424,0.873711608350277,0.5107875168323517,1.0363968101501086e-06,0.0002708868669287767,0.11217103898525238,293
0.8907770030200481,0.5884082932025194,1.1481121653389437e-06,0.00028105546607548604,0.15252423658967018,0.8790137022733688,0.5441310778260231,1.04771835651718e-06,0.00026992921812052373,0.12153924256563187,294
0.890808716416359,0.589520663022995,1.137974955156551e-06,0.00027969932125415653,0.15151385590434074,0.8739510551095009,0.5475878715515137,1.1084649855774842e-06,0.00028483317873906344,0.05763545632362366,295
0.8911043256521225,0.5876091327518225,1.1475735224308892e-06,0.0002811385966197122,0.15097094140946865,0.8785681277513504,0.5531930103898048,9.998076748729545e-07,0.0003625946228567045,-0.8721613436937332,296
0.8909714072942734,0.5888727977871895,1.143648709955869e-06,0.00028054864196747076,0.14952342957258224,0.8806462958455086,0.5535231679677963,1.0180193399378368e-06,0.00030232768040150404,-0.2713974416255951,297
0.8910543266683817,0.5884215049445629,1.1382511893032188e-06,0.0002803251572913723,0.1517370343208313,0.8810477703809738,0.5589118227362633,9.952053119377524e-07,0.00028761337671312504,0.026087231934070587,298
0.8914144169539213,0.5893114507198334,1.1322793813661747e-06,0.0002793063199533208,0.1527690291404724,0.8768401592969894,0.5326892957091331,1.001470678829719e-06,0.00028332354850135744,-0.08760467171669006,299
0.8895262479782104,0.5858255513012409,1.1480215356129975e-06,0.00028151212609373033,0.14813755080103874,0.8773002699017525,0.5451955497264862,1.1591340012273577e-06,0.00028362519879010506,-0.03952494263648987,300
